0.0073062798964164625	0.02540917657841032
0.011830292352004454	0.025330982061630623
0.016380655915536082	0.02525304117255253
0.02095745814343489	0.025175352062191708
0.025560787230100912	0.025097913362398402
0.03019073201130794	0.0250207238062379
0.03484738196770959	0.024943782049530586
0.03953082722838995	0.02486708679737842
0.04424115857419832	0.024790636738603378
0.04897846744150274	0.024714430601208866
0.05374284592565577	0.024638467119497274
0.05853438678449269	0.024562745041694468
0.06335318344207927	0.024487263121661412
0.0681993299923352	0.024412020133566876
0.07307292120248994	0.024337014865709022
0.07797405251706437	0.024262246114969077
0.08290282006133716	0.024187712691186834
0.08785932064521859	0.024113413416715326
0.09284365176686213	0.02403934712571353
0.09785591161663632	0.02396551266394866
0.1028961990806579	0.023891908888817332
0.10796461374490686	0.023818534668898956
0.11306125589886037	0.023745388884020443
0.11818622653960083	0.023672470424811867
0.12333962737545169	0.023599778192875547
0.12852156082992425	0.023527311100350123
0.13373213004605644	0.02345506806981164
0.13897143888989655	0.02338304803412148
0.14423959195497446	0.023311249936379876
0.1495366945656891	0.023239672729557754
0.1548628527823191	0.023168315376479006
0.1602181734040292	0.02309717684972919
0.16560276397389712	0.02302625613134427
0.17101673278267993	0.022955552212846994
0.17646018887277318	0.022885064094908418
0.18193324204285838	0.022814790787443976
0.18743600285182765	0.022744731309299302
0.19296858262293534	0.02267488468816454
0.19853109344858186	0.02260524996050793
0.20412364819426224	0.022535826171388485
0.20974636050265852	0.022466612374314653
0.21539934479861347	0.022397607631213345
0.22108271629312887	0.022328811012209484
0.22679659098780405	0.022260221595588336
0.2325410856797751	0.022191838467624056
0.23831631796511424	0.022123660722520807
0.24412240624478374	0.0220556874622479
0.24995946972793107	0.021987917796480815
0.2558276284372213	0.021920350842472725
0.26172700321340975	0.021852985724938507
0.2676577157192822	0.021785821575980295
0.27361988844519664	0.02171885753497673
0.2796136447136143	0.02165209274846439
0.2856391086833058	0.021585526370086615
0.2916964053546335	0.02151915756045032
0.2977856605740323	0.021452985487083902
0.3039070010394328	0.021387009324275244
0.3100605543042791	0.021321228253068834
0.3162464487829834	0.021255641461105944
0.32246481375600244	0.021190248142572324
0.3287157793740929	0.0211250474981157
0.33499947666422675	0.021060038734746087
0.34131603753358336	0.020995221065767615
0.3476655947758013	0.020930593710692506
0.3540482820752702	0.02086615589514903
0.36046423401256156	0.020801906850832302
0.36691358606895835	0.02073784581540971
0.37339647463336434	0.02067397203244184
0.37991303700512846	0.02061028475132465
0.38646341140156376	0.020546783227201486
0.39304773696214196	0.02048346672089588
0.3996661537537364	0.020420334498851986
0.40631880277653515	0.020357385833048892
0.41300582596930147	0.02029462000094772
0.4197273662146535	0.020232036285410763
0.4264835673448353	0.020169633974651113
0.4332745741466186	0.02010741236215979
0.4401005323681979	0.020045370746633987
0.4469615887238073	0.01998350843193388
0.4538578908990887	0.019921824727005388
0.4607895875575129	0.019860318945826752
0.46775682834615945	0.01979899040734591
0.4747597639011764	0.019737838435426796
0.4817985458531592	0.019676862358787142
0.48887332683362966	0.019616061510940266
0.49598426048139144	0.01955543523014372
0.5031315014474632	0.019494982859343302
0.5103152054009534	0.019434703746118866
0.5175355290367084	0.019374597242628425
0.5247926300791054	0.019314662705561064
0.5320866672905881	0.019254899496077595
0.5394178004748217	0.019195306979768092
0.5467861904865547	0.019135884526597827
0.5541919992343097	0.019076631510854744
0.5616353896894739	0.01901754731110695
0.569116525890276	0.018958631310153285
0.576635572950009	0.018899882894974483
0.584192697062792	0.018841301456685812
0.5917880655098188	0.01878288639049358
0.5994218466654828	0.01872463709565201
0.6070942100052635	0.018666552975415127
0.614805326111014	0.018608633436994596
0.6225553666779677	0.01855087789151591
0.6303445045223256	0.018493285753978947
0.6381729135860578	0.01843585644321043
0.6460407689459393	0.01837858938183032
0.6539482468184616	0.018321483996202193
0.6618955245680236	0.018264539716404828
0.6698827807133326	0.018207755976180136
0.6779101949338985	0.018151132212902345
0.6859779480787475	0.018094667867539636
0.6940862221706229	0.01803836238461145
0.7022352004162422	0.017982215212154828
0.7104250672117585	0.01792622580168819
0.7186560081499229	0.01787039360817399
0.7269282100279881	0.017814718089981064
0.7352418608545879	0.01775919870885393
0.7435971498574946	0.017703834929875845
0.7519942674911195	0.01764862622143014
0.7604334054429824	0.017593572055175522
0.768914756642732	0.01753867190600545
0.7774385152688454	0.01748392525201784
0.7860048767565987	0.017429331574484806
0.7946140378052381	0.01737489035781576
0.8032661963867117	0.01732060108953026
0.8119615517526235	0.01726646326022452
0.8207003044425927	0.01721247636354352
0.8294826562916278	0.017158639896145304
0.8383088104388625	0.01710495335767964
0.8471789713355863	0.01705141625074936
0.8560933447519229	0.01699802808088752
0.8650521377871505	0.016944788356526238
0.8740555588766469	0.016891696588970412
0.8831038178001668	0.016838752292365988
0.8921971256899947	0.016785954983676108
0.9013356950403786	0.016733304182652804
0.9105197397155437	0.0166807994118098
0.9197494749574187	0.016628440196395918
0.9290251173942429	0.016576226064369176
0.9383468850520986	0.016524156546371394
0.947714997359174	0.01647223117570147
0.9571296751576678	0.01642044948829274
0.966591140711094	0.016368811022684584
0.9760996177141692	0.0163173153200014
0.9856553313014458	0.016265961923925286
0.995258508056213	0.01621475038067518
1.0049093760200107	0.01616368023898049
1.0146081646998844	0.016112751050061148
1.0243551050814115	0.016061962367600054
1.034150429634751	0.016011313747724087
1.0439943723237382	0.015960804748980338
1.0538871686187163	0.01591043493231413
1.0638290555035466	0.015860203861047053
1.0738202714849134	0.015810111100855104
1.0838610566024445	0.01576015621974709
1.0939516524401438	0.015710338788046112
1.1040923021326947	0.015660658378363994
1.114283250378359	0.015611114565585284
1.124524743449073	0.015561706926844335
1.134817029197189	0.015512435041505885
1.1451603570689743	0.015463298491145423
1.1555549781124985	0.015414296859530349
1.1660011449898313	0.015365429732597533
1.1764991119857755	0.01531669669843835
1.1870491350190318	0.015268097347276889
1.1976514716519757	0.015219631271452852
1.2083063811030625	0.015171298065401653
1.2190141242539447	0.01512309732563759
1.2297749636647384	0.015075028650734599
1.240589163580018	0.015027091641309985
1.251456989943922	0.014979285900004913
1.2623787104083872	0.014931611031469023
1.2733545943450952	0.014884066642341296
1.2843849128568001	0.01483665234123412
1.295469938787888	0.014789367738716957
1.306609946735908	0.014742212447298479
1.317805213063874	0.014695186081411776
1.329056015910001	0.014648288257396383
1.3403626352002853	0.014601518593483001
1.3517253526596753	0.014554876709778381
1.3631444518257214	0.014508362228248365
1.3746202180571514	0.014461974772703447
1.3861529385472564	0.014415713968783182
1.3977429023350867	0.014369579443940265
1.4093904003227533	0.014323570827426458
1.4210957252780292	0.014277687750277959
1.432859171854208	0.014231929845299383
1.4446810365996565	0.014186296747051583
1.456561617971181	0.014140788091835053
1.4685012163461133	0.01409540351767675
1.4805001340334132	0.014050142664316471
1.4925586752888687	0.014005005173192291
1.504677146327322	0.0139599906874274
1.5168558553342333	0.013915098851816245
1.529095112480535	0.013870329312811359
1.5413952299336602	0.013825681718509912
1.5537565218731808	0.01378115571864093
1.566179304502883	0.01373675096455174
1.5786638960624784	0.013692467109196164
1.5912106168453362	0.01364830380712058
1.6038197892083452	0.013604260714452395
1.6164917375870562	0.013560337488887407
1.6292267885098972	0.013516533789677238
1.6420252706103473	0.013472849277617133
1.654887514644572	0.013429283615034692
1.6678138535014644	0.013385836465777371
1.6808046222187314	0.013342507495200428
1.6938601580002248	0.013299296370155938
1.706980800223608	0.013256202758981412
1.7201668904622842	0.013213226331487754
1.7334187724932344	0.013170366758948272
1.7467367923199089	0.013127623714087525
1.7601212981790106	0.013084996871070597
1.7735726405609642	0.013042485905491752
1.7870911722225487	0.013000090494363558
1.800677248204054	0.012957810316106908
1.8143312258439919	0.012915645050539723
1.8280534647918183	0.01287359437886674
1.841844327028782	0.012831657983669054
1.8557041768802813	0.012789835548894237
1.8696333810334096	0.012748126759845605
1.8836323085504207	0.012706531303172619
1.8977013308881694	0.012665048866860732
1.9118408219125629	0.012623679140221734
1.9260511579154063	0.012582421813883875
1.9403327176306093	0.012541276579782075
1.9546858822506932	0.012500243131148668
1.9691110354463848	0.01245932116250382
1.9836085633778073	0.012418510369646064
1.9981788547190769	0.01237781044964352
2.012822300668354	0.012337221100824096
2.027539294968792	0.012296742022766665
2.0423302339272946	0.01225637291629197
2.0571955164289815	0.012216113483454357
2.0721355439568336	0.012175963427532056
2.0871507206104183	0.012135922453018755
2.1022414531186358	0.012095990265615733
2.117408150868405	0.012056166572222023
2.132651225912477	0.012016451080926884
2.1479710929923366	0.011976843501001063
2.163368169557359	0.0119373435428885
2.178842875782883	0.011897950918198345
2.194395634589793	0.011858665339696527
2.210026871661386	0.011819486521297683
2.225737015467147	0.011780414178057884
2.241526497275611	0.011741448026165127
2.257395751180291	0.01170258778293352
2.2733452141147223	0.011663833166794027
2.289375325876452	0.01162518389728735
2.305486529143188	0.011586639695056564
2.3216792694956654	0.011548200281838995
2.337953995437488	0.011509865380459122
2.3543111584144434	0.01147163471482121
2.370751212835551	0.011433508009901654
2.3872746160965175	0.011395484991742517
2.403881828597117	0.011357565387443494
2.4205733137641166	0.01131974892515484
2.4373495380727435	0.011282035334071277
2.45421097106946	0.011244424344423671
2.471158085388604	0.011206915687473196
2.4881913567824485	0.011169509095503878
2.505311264135597	0.011132204301816329
2.5225182894926084	0.011095001040720297
2.539812918076763	0.011057899047528526
2.557195638314909	0.011020898058550197
2.5746669418599466	0.010983997811084221
2.592227323614544	0.010947198043412633
2.609877281749826	0.010910498494794106
2.6276173177360405	0.010873898905458297
2.6454479363629706	0.010837399016599043
2.6633696457565565	0.010800998570367558
2.6813829574196832	0.010764697309867264
2.6994883862370513	0.01072849497914711
2.717686450514461	0.01069239132319549
2.7359776719954745	0.010656386087934474
2.7543625758867503	0.010620479020213779
2.77284169088873	0.010584669867804365
2.791415549212782	0.010548958379393477
2.8100846866142355	0.010513344304578029
2.828849642410792	0.010477827393859386
2.847710959512929	0.01044240739863719
2.866669184452742	0.010407084071204123
2.8857248674002607	0.01037185716474029
2.904878562200848	0.01033672643330728
2.9241308263955754	0.010301691631843177
2.9434822212491096	0.010266752516156413
2.962933311778281	0.010231908842921252
2.9824846667809837	0.010197160369671604
3.0021368588566206	0.01016250685479664
3.0218904644426767	0.010127948057534215
3.0417460638389793	0.010093483737966938
3.061704241234439	0.01005911365701637
3.0817655847381253	0.010024837576437975
3.1019306864076825	0.00999065525881589
3.1222001422774643	0.009956566467558336
3.142574552387552	0.009922570966892265
3.1630545208179415	0.00988866852185842
3.1836406557089725	0.009854858898306418
3.2043335692985884	0.009821141862890221
3.225133877955418	0.009787517183062863
3.2460422021994124	0.009753984627071895
3.2670591667402062	0.009720543963954576
3.288185400507358	0.009687194963533392
3.3094215366797832	0.009653937396411018
3.3307682127160048	0.00962077103396577
3.3522260703928675	0.00958769564834763
3.3737957558296663	0.00955471101247267
3.395477919524894	0.009521816900019318
3.417273216387336	0.009489013085423605
3.439182305771692	0.009456299343874975
3.4612058515093027	0.009423675451311505
3.483344521941497	0.009391141184415877
3.5055989899555438	0.009358696320610873
3.527969933019168	0.009326340638055214
3.5504580332097473	0.009294073915639056
3.5730639772573958	0.009261895932980374
3.595788456573592	0.009229806470420052
3.618632167288496	0.009197805309018248
3.6415958102860815	0.009165892230550034
3.664680091242296	0.009134067017501486
3.6878857206603337	0.009102329453065421
3.711213413905506	0.009070679321137788
3.734663891243123	0.009039116406313302
3.758237877879988	0.009007640493881591
3.7819361039902795	0.008976251369823407
3.805759304771033	0.008944948820806724
3.8297082204647586	0.008913732634182723
3.8537835964062372	0.008882602597982327
3.8779861830555786	0.00885155850091187
3.902316736046739	0.008820600132349964
3.9267760162203995	0.008789727282343535
3.9513647896622834	0.0087589397416037
3.97608382774904	0.008728237301502852
4.0009339071860195	0.008697619754070558
4.025915810045964	0.008667086891989959
4.051030323820456	0.008636638508594493
4.076278241444748	0.008606274397863958
4.101660361355791	0.008575994354421227
4.127177487527681	0.008545798173528803
4.152830429515058	0.008515685651085299
4.178620002496111	0.008485656583621845
4.204547027316136	0.00845571076829886
4.23061233053772	0.008425848002902721
4.256816744473747	0.00839606808584229
4.283161107239133	0.008366370816145411
4.309646262801228	0.008336755993456162
4.336273061013193	0.008307223418030805
4.363042357670075	0.008277772890735323
4.3899550145540704	0.008248404213041623
4.417011899471795	0.008219117187024807
4.444213886316297	0.008189911615359317
4.471561855104965	0.008160787301316592
4.499056692032524	0.008131744048761335
4.5266992895130524	0.008102781662148709
4.554490546239105	0.008073899946521225
4.582431367222659	0.008045098707505565
4.610522663850901	0.008016377751309672
4.638765353929799	0.007987736884719725
4.667160361743967	0.007959175915097155
4.695708618102569	0.007930694650375616
4.724411060388961	0.007902292899058139
4.753268632618089	0.007873970470214216
4.782282285490233	0.007845727173476768
4.811452976435305	0.00781756281903952
4.840781669677929	0.0077894772176538216
4.870269336283929	0.0077614701806262365
4.899916954218533	0.007733541519815334
4.929725508402169	0.0077056910476290845
4.95969599075979	0.007677918577022237
4.989829400291111	0.007650223921493222
5.020126743108485	0.007622606895081801
5.050589032513679	0.007595067312366219
5.081217289038902	0.007567604988460297
5.112012540518149	0.0075402197390111395
5.142975822139144	0.007512911380196332
5.174108176502735	0.007485679728721274
5.205410653687729	0.007458524601816588
5.236884311307875	0.007431445817235642
5.268530214570889	0.007404443193251856
5.3003494363488075	0.0073775165486561906
5.3323430572307835	0.007350665702754764
5.364512165589384	0.00732389047536607
5.396857857647194	0.007297190686818707
5.4293812375370045	0.007270566157948895
5.462083417370652	0.0072440167100978475
5.49496551729528	0.007217542165109571
5.528028665574651	0.007191142345328269
5.561273998639736	0.007164817073596024
5.594702661165219	0.007138566173250361
5.628315806137307	0.007112389468122016
5.662114594918312	0.007086286782532463
5.696100197315837	0.007060257941291555
5.7302737916593705	0.007034302769695263
5.764636564858362	0.0070084210935234745
5.799189712488651	0.006982612739037568
5.8339344388529275	0.006956877532978184
5.868871957054823	0.006931215302563035
5.904003489078176	0.006905625875484646
5.939330265852112	0.006880109079908092
5.974853527335505	0.006854664744468831
6.010574522582677	0.006829292698270591
6.046494509828943	0.006803992770883124
6.08261475655554	0.006778764792339959
6.118936539579218	0.0067536085931364
6.155461145125141	0.006728524004227535
6.192189868906657	0.006703510857025809
6.2291240161995995	0.006678568983399065
6.266264901933988	0.006653698215668618
6.303613850764856	0.006628898386606944
6.34117219716614	0.006604169329435799
6.378941285495228	0.0065795108778242
6.416922470097044	0.006554922865886268
6.455117115376175	0.006530405128179277
6.493526595884607	0.006505957499701665
6.5321522964101835	0.006481579815891131
6.570995612064159	0.006457271912622634
6.610057948364956	0.006433033626206383
6.64934072132897	0.006408864793385843
6.688845357564587	0.006384765251335995
6.728573294353342	0.006360734837661363
6.768525979754361	0.006336773390394034
6.808704872683135	0.006312880747991831
6.849111443011659	0.006289056749336444
6.889747171664266	0.00626530123373153
6.930613550712253	0.006241614040900962
6.971712083464457	0.006217995010986925
7.013044284566673	0.006194443984548078
7.0546116801085565	0.006170960802557761
7.096415807706317	0.006147545306402218
7.138458216619022	0.006124197337878945
7.180740467837805	0.006100916739194458
7.223264134191329	0.006077703352963286
7.266030800453237	0.006054557022205432
7.309042063437626	0.006031477590345193
7.3522995321170805	0.006008464901209189
7.395804827710457	0.005985518799024665
7.439559583807831	0.005962639128417845
7.483565446468346	0.005939825734412355
7.52782407433367	0.005917078462427214
7.572337138737007	0.005894397158275502
7.617106323817783	0.005871781668162579
7.662133326626516	0.005849231838684322
7.707419857245547	0.005826747516825703
7.7529676389061475	0.005804328549959049
7.798778408097995	0.0057819747858424584
7.844853914688509	0.0057596860726181
7.891195922046607	0.00573746225881089
7.937806207156083	0.005715303193326485
7.984686560738011	0.005693208725450186
8.031838787378588	0.00567117870484503
8.07926470564019	0.005649212981550436
8.126966148203355	0.005627311405980549
8.1749449619761	0.005605473828922712
8.22320300823289	0.005583700101536127
8.271742162743356	0.005561990075350068
8.320564315887987	0.005540343602262592
8.369671372808073	0.005518760534538967
8.419065253532962	0.005497240724810285
8.468747893099792	0.00547578402607171
8.5187212417106	0.0054543902916814714
8.568987264858425	0.005433059375359
8.619547943463424	0.005411791131183753
8.670405274014648	0.005390585413593557
8.72156126872278	0.005369442077383448
8.773017955639556	0.00534836097770398
8.824777378824246	0.005327341970060047
8.876841598477018	0.0053063849103094024
8.929212691089242	0.005285489654661235
8.981892749591784	0.005264656059674832
9.034883883513602	0.005243883982258175
9.08818821911593	0.005223173279666605
9.141807899564327	0.005202523809501605
9.195745085069639	0.005181935429709141
9.250001953061401	0.005161407998578631
9.30458069832503	0.005140941374741438
9.359483533178441	0.005120535417169664
9.414712687630864	0.0051001899851747376
9.470270409542062	0.005079904938406183
9.526158964787435	0.005059680136850358
9.582380637436787	0.005039515440829027
9.638937729904992	0.005019410710998302
9.695832563137667	0.004999365808347139
9.753067476778023	0.004979380594196298
9.810644829339605	0.00495945493019687
9.868566998385495	0.0049395886783291714
9.926836380711261	0.004919781700901591
9.985455392508888	0.004900033860549127
10.044426469570311	0.004880345020232304
10.103752067458228	0.004860715043236056
10.163434661691328	0.004841143793168184
10.223476747941891	0.00482163113395867
10.283880842214533	0.004802176929857996
10.344649481049707	0.004782781045436195
10.40578522170958	0.004763443345581675
10.467290642377014	0.004744163695499975
10.52916834235682	0.004724941960712735
10.591420942274874	0.00470577800705631
10.65405108427553	0.00468667170068084
10.717061432239394	0.004667622908049009
10.78045467197798	0.004648631495934995
10.844233511455723	0.00462969733142321
10.908400680987171	0.004610820281907243
10.972958933461074	0.004592000215088787
11.037911044566016	0.004573236998976481
11.103259812987622	0.004554530501884859
11.169008060646986	0.00453588059243315
11.235158632921705	0.004517287139544367
11.301714398862705	0.004498750012444046
11.368678251444383	0.004480269080659293
11.436053107779117	0.004461844214017672
11.503841909344388	0.0044434752826461085
11.572047622248116	0.004425162156970002
11.640673237441673	0.004406904707711951
11.709721770975616	0.0043887028058907564
11.779196264238875	0.004370556322820607
11.849099784215044	0.004352465130109734
11.919435423716992	0.0043344290996596615
11.990206301655984	0.004316448103663992
12.06141556329632	0.0042985220146075035
12.13306638050095	0.004280650705265133
12.205161952011222	0.004262834048700925
12.277705503699059	0.004245071918267091
12.350700288845012	0.004227364187603037
12.424149588397363	0.004209710730634271
12.498056711260462	0.004192111421571612
12.572424994565553	0.004174566134910048
12.64725780394265	0.004157074745427872
12.722558533826863	0.004139637128185682
12.79833060772095	0.004122253158525449
12.874577478501644	0.0041049227120695505
12.951302628705813	0.004087645664719848
13.02850957083204	0.004070421892656803
13.106201847641305	0.0040532512723384
13.184383032461861	0.004036133680499355
13.26305672948323	0.004019068994150158
13.342226574093363	0.004002057090576133
13.421896233171832	0.0039850978473365785
13.502069405418208	0.00396819114226382
13.582749821667909	0.003951336853462331
13.663941245224514	0.0039345348593078375
13.745647472191962	0.003917785038446475
13.827872331795605	0.0039010872697937565
13.910619686739741	0.0038844414325339516
13.993893433522377	0.003867847406118918
14.077697502809993	0.003851305070267491
14.162035859764739	0.0038348143049644332
14.246912504419434	0.003818374990459735
14.332331472008143	0.0038019870072676055
14.418296833352862	0.003785650236165778
14.504812695223405	0.0037693645581945365
14.591883200704476	0.0037531298546559333
14.679512529567322	0.0037369460071130503
14.767704898666352	0.003720812897388971
14.85646456230859	0.0037047304075661165
14.945795812641459	0.003688698419985358
15.035702980063759	0.003672716817245241
15.126190433604483	0.003656785482201118
15.217262581341854	0.0036409042979644443
15.308923870800452	0.003625073147901869
15.40117878936382	0.0036092919156344907
15.494031864717613	0.003593560485037119
15.587487665220698	0.0035778787402373467
15.681550800396172	0.0035622465656148985
15.776225921317625	0.0035466638458008107
15.871517721072243	0.00353113046567667
15.967430935195798	0.003515646310373789
16.063970342121035	0.0035002112652725405
16.161140763646873	0.003484825216001459
16.258947065374805	0.0034694880484366507
16.35739415720116	0.003454199648700923
16.456486993775812	0.0034389599031630245
16.556230574973892	0.0034237686984370614
16.656629946399903	0.003408625921381582
16.757690199863127	0.003393531459098891
16.85941647386922	0.003378485198934334
16.96181395413707	0.003363487028475633
17.064887874095973	0.003348536835552017
17.168643515415166	0.003333634508233681
17.273086208494774	0.003318779934830891
17.37822133303721	0.0033039730038934186
17.484054318531943	0.00328921360420976
17.59059064484801	0.00327450162480648
17.697835842740936	0.003259836954947443
17.805795494424764	0.0032452194841331755
17.914475234137118	0.0032306491021001776
18.023880748693454	0.00321612569882018
18.13401777808787	0.003201649164499534
18.24489211604395	0.0031872193895784925
18.35650961064458	0.003172836264730545
18.468876164886108	0.0031584996808616842
18.58199773731891	0.0031442095291098465
18.69588034264839	0.0031299657008442114
18.810530052361862	0.0031157680876644843
18.92595299534398	0.0031016165814003018
19.04215535853566	0.003087511074110511
19.15914338755607	0.0030734514580825875
19.27692338737254	0.0030594376258319855
19.395501722970625	0.003045469470101451
19.514884819998723	0.003031546883860399
19.63507916546806	0.003017669760304301
19.756091308446802	0.003003837992854001
19.877927860741003	0.0029900514751551636
20.00059549760437	0.0029763101010775914
20.124100958455927	0.00296261376471459
20.2484510476121	0.0029489623603823826
20.373652635026684	0.002935355782619524
20.49971265700508	0.002921793926186219
20.626638116993675	0.0029082766860637392
20.754436086321512	0.0028948039574538485
20.88311370498521	0.00288137563577815
21.012678182424334	0.002867991616677557
21.143136798332403	0.0028546517960115923
21.27449690343893	0.0028413560698579365
21.406765920353987	0.0028281043345116854
21.539951344355455	0.002814896486484891
21.67406074427891	0.002801732422505901
21.809101763316793	0.0027886120395188155
21.945082119911948	0.002775535234682885
22.08200960861359	0.0027625019053719667
22.219892100969073	0.0027495119491739465
22.358737546414265	0.002736565263890144
22.49855397318051	0.002723661747534779
22.639349489224916	0.0027108012983344146
22.781132283144093	0.002697983814727358
22.923910625146377	0.0026852091953631623
23.067692867974337	0.0026724773391020194
23.212487447902454	0.0026597881450142447
23.358302885720956	0.0026471415123797393
23.50514778771571	0.0026345373406873977
23.653030846689184	0.0026219755296346416
23.801960842991786	0.0026094559791267576
23.951946645561993	0.0025969785892765987
24.102997212950413	0.002584543260403764
24.255121594431838	0.002572149893034246
24.40832893105122	0.002559798387899857
24.562628456750215	0.002547488645937759
24.7180294994581	0.0025352205682898496
24.874541482220916	0.002522994056302293
25.03217392437917	0.002510809011525074
25.190936442663904	0.0024986653357112957
25.35083875243593	0.00248656293081691
25.51189066885333	0.0024745016990000263
25.674102108072447	0.0024624815426205118
25.837483088481846	0.002450502364239423
26.00204373195366	0.00243856406661854
26.167794265084368	0.002426666552719907
26.33474502051467	0.0024148097257052662
26.502906438161364	0.0024029934889356138
26.672289066601195	0.0023912177459706804
26.842903564363297	0.002379482400568506
27.014760701291824	0.0023677873566848866
27.187871359924387	0.002356132518472891
27.362246536875666	0.0023445177902825395
27.53789734426375	0.002332943076660099
27.71483501112583	0.0023214082823477446
27.893070884873154	0.0023099133122830738
28.072616432781974	0.0022984580715986083
28.253483243473816	0.0022870424656213743
28.435683028437467	0.0022756663998724246
28.619227623547324	0.002264329780066355
28.80412899067514	0.0022530325121108614
28.990399219218556	0.00224177450210629
29.17805052774149	0.002230555656345178
29.367095265598447	0.00221937588131182
29.557545914579567	0.0022082350836818065
29.749415090591608	0.0021971331703215516
29.94271554537104	0.0021860700482879076
30.13746016821505	0.0021750456248276935
30.333661987713025	0.0021640598073772626
30.531334173556548	0.002153112503562042
30.730490038316006	0.002142203621196144
30.931143039299485	0.002131333068281861
31.13330678039197	0.0021205007530093944
31.33699501396537	0.0021097065837562155
31.54222164276906	0.0020989504690868198
31.749000721917678	0.002088232317752165
31.957346460798973	0.00207755203868937
32.167273225159136	0.0020669095410212534
32.37879553905271	0.002056304734055868
32.591928086977916	0.0020457375272861585
32.806685715943416	0.0020352078303895395
33.0230834375923	0.002024715553227453
33.24113643035851	0.002014260605844975
33.46086004168859	0.0020038428984704448
33.68226979024779	0.001993462341515012
33.90538136817348	0.001983118845572297
34.13021064338562	0.001972812321417912
34.3567736619198	0.001962542680009158
34.585086650285206	0.0019523098324845686
34.81516601786582	0.0019421136901635278
35.04702835936508	0.0019319541645459017
35.28069045729149	0.00192183116731162
35.51616928446833	0.0019117446103203847
35.75348200657915	0.0019016944056111265
35.992645984792375	0.0018916804654017945
36.23367877836256	0.0018817027020887975
36.47659814735511	0.0018717610282468532
36.721422055301474	0.0018618553566283936
36.96816867200464	0.0018519856001633177
37.216856376356866	0.00184215167195859
37.4675037591646	0.0018323534852979152
37.720129626031955	0.001822590953641279
37.97475300035211	0.0018128639906246557
38.231393126243006	0.0018031725100596584
38.49006947160821	0.0017935164259331039
38.75080173121844	0.0017838956524067243
39.013609829860265	0.00177431010381681
39.27851392548284	0.0017647596946737925
39.54553441246992	0.001755244339661954
39.8146919249183	0.0017457639536390688
40.08600733996094	0.0017363184516360497
40.35950178118482	0.0017269077488565676
40.63519662207324	0.00171753176067675
40.91311348948481	0.0017081904026448507
41.19327426729025	0.0016988835904808775
41.47570109990234	0.0016896112400762396
41.760416396005134	0.0016803732674934531
42.04744283231537	0.0016711695889657864
42.33680335733873	0.001662000120896939
42.62852119526576	0.0016528647798606914
42.92261984987433	0.0016437634826005918
43.219123108571	0.0016346961460296378
43.51805504638684	0.0016256626872299081
43.81944003017847	0.001616663023452309
44.12330272276055	0.0016076970721162049
44.4296680872075	0.0015987647508091084
44.738561391192675	0.0015898659772863495
45.05000821139615	0.0015810006694708136
45.36403443796557	0.0015721687454525555
45.680666279126285	0.001563370123488552
45.99993026578105	0.0015546047220023498
46.32185325625629	0.0015458724595837571
46.64646244105544	0.0015371732549886007
46.97378534778377	0.0015285070271383323
47.30384984611238	0.0015198736951197737
47.636684152792995	0.0015112731781848402
47.97231683680611	0.001502705395750166
48.31077682458818	0.0014941702673968778
48.652093405350776	0.0014856677128702819
48.996296236471444	0.0014771976520795772
49.34341534900085	0.0014687600050974996
49.69348115325759	0.0014603546921601604
50.046524444512784	0.0014519816336666116
50.402576408785706	0.0014436407501786765
50.7616686287325	0.001435331962420599
51.12383308964202	0.0014270551912787916
51.489102185537405	0.0014188103578015568
51.85750872538506	0.001410597383198759
52.229085939440594	0.0014024161888416334
52.60386748560056	0.0013942666962624291
52.981887456025596	0.0013861488271541907
53.36318038377882	0.0013780625033704464
53.74778124958148	0.0013700076469249545
54.135725488740114	0.0013619841799914953
54.52704899813541	0.001353992024903458
54.92178814345979	0.0013460311041537372
55.3199797663734	0.0013381013403943654
55.72166119202709	0.0013302026564362892
56.12687023651787	0.0013223349752491047
56.53564521461734	0.0013144982199607901
56.948024947635524	0.0013066923138574842
57.364048771265374	0.0012989171803831938
57.78375654385715	0.0012911727431395743
58.207188654501934	0.0012834589258856118
58.634386031594424	0.0012757756525374779
59.06539015129792	0.0012681228471682097
59.50024304632622	0.0012605004340074525
59.93898731479904	0.0012529083374412959
60.381666129333276	0.0012453464820119389
60.82832324621399	0.0012378147924175188
61.27900301480819	0.0012303131935118446
61.73375038716077	0.001222841610304122
62.192610927691895	0.0012153999679588262
62.65563082318129	0.0012079881917953545
63.122856892872534	0.0012006062072878667
63.59433659873998	0.0011932539400649966
64.07011805606614	0.0011859313159096854
64.55025004409421	0.0011786382607589091
65.03478201699762	0.0011713747007035037
65.52376411490349	0.0011641405619878548
66.01724717535564	0.0011569357710098018
66.5152827447637	0.0011497602543202986
67.017923090213	0.0011426139386232583
67.52522121146562	0.0011354967507753292
68.03723085322616	0.0011284086177856868
68.55400651754753	0.001121349466815792
69.07560347661317	0.0011143192251792163
69.60207778567106	0.0011073178203414179
70.13348629625845	0.0011003451799195213
70.66988666965871	0.001093401231682131
71.21133739071789	0.0010864859035491262
71.75789778176778	0.0010795991235914438
72.309628016985	0.001072740820030882
72.86658913695128	0.0010659109212399563
73.42884306354215	0.0010591093557416086
73.99645261503518	0.0010523360522090611
74.56948152165018	0.0010455909394656469
75.14799444129692	0.0010388739464845661
75.73205697570707	0.0010321850023887495
76.32173568679147	0.001025524036450629
76.91709811345827	0.0010188909780919728
77.51821278872823	0.0010122857568837056
78.12514925715341	0.0010057083025457084
78.73797809257283	0.0009991585449466544
79.35677091637542	0.0009926364141038093
79.98160041600765	0.0009861418401828801
80.61254036392025	0.0009796747534978403
81.2496656368001	0.0009732350845107374
81.89305223543244	0.0009668227638315111
82.54277730471185	0.0009604377222178695
83.19891915424314	0.0009540798905750944
83.8615572793269	0.0009477491999558436
84.53077238238816	0.0009414455815600564
85.20664639480292	0.0009351689667347507
85.88926249927103	0.0009289192869738489
86.57870515264783	0.0009226964739180585
87.27506010918975	0.0009165004593546787
87.97841444433668	0.0009103311752174713
88.68885657908746	0.0009041885535864963
89.40647630471896	0.0008980725266879678
90.13136480822406	0.0008919830268941066
90.86361469813163	0.0008859199867229831
91.60332003104978	0.0008798833388383807
92.35057633865759	0.0008738730160496535
93.10548065531253	0.0008678889513115788
93.86813154629715	0.0008619310777242282
94.63862913669041	0.0008559993285328299
95.41707514076121	0.0008500936371276085
96.20357289224312	0.0008442139370436941
96.99822737493892	0.0008383601619609715
97.80114525438496	0.0008325322457039344
98.61243490988878	0.0008267301222415847
99.43220646750918	0.0008209537256872899
100.2605718336356	0.000815202990298688
101.09764472942273	0.0008094778504775245
101.94354072593093	0.0008037782407695739
102.79837728006264	0.0007981040958644931
103.66227377137916	0.0007924553505957248
104.5353515396697	0.0007868319399403813
105.4177339234631	0.0007812337990191407
106.30954629934968	0.0007756608630961187
107.21091612220293	0.0007701130675787961
108.12197296642039	0.0007645903480178741
109.04284856805297	0.0007590926401072093
109.97367686782985	0.0007536198796836964
110.91459405539509	0.0007481720027271791
111.86573861434755	0.0007427489453603531
112.82725136851491	0.0007373506438486595
113.79927552918792	0.0007319770346002277
114.7819567435517	0.0007266280541657556
115.77544314423159	0.0007213036392384397
116.77988539998678	0.0007160037266538971
117.79543676769396	0.0007107282533900493
118.82225314547729	0.0007054771565671295
119.86049312720236	0.0007002503734475004
120.91031805813498	0.0006950478414356417
121.97189209218548	0.0006898694980780689
123.04538225028874	0.0006847152810632751
124.13095848037892	0.0006795851282216392
125.22879371871667	0.000674478977525386
126.3390639528151	0.0006693967670885142
127.46194828577381	0.0006643384351667327
128.59762900243146	0.0006593039201574332
129.74629163679364	0.0006542931605995959
130.90812504159908	0.0006493060951737727
132.08332145915938	0.0006443426627020237
133.27207659430198	0.0006394028021478755
134.47458968899448	0.0006344864526162788
135.69106359880425	0.0006295935533535712
136.92170487149298	0.0006247240437474347
138.1667238273595	0.0006198778633268665
139.42633464180227	0.0006150549517621522
140.70075542991708	0.0006102552488648169
141.99020833316857	0.0006054786945876497
143.294919608632	0.0006007252290246084
144.61511972010427	0.00059599479241087
145.95104343183786	0.0005912873251227603
147.30292990465267	0.0005866027676777705
148.67102279457458	0.000581941060734546
150.05557035404237	0.0005773021450928743
151.45682553576756	0.0005726859616936766
152.87504609934425	0.0005680924516190056
154.31049472065482	0.0005635215560920669
155.76343910430214	0.0005589732164771987
157.2341520989011	0.000554447374279902
158.72291181551628	0.0005499439711468368
160.23000174934046	0.0005454629488658563
161.7557109044784	0.0005410042493660063
163.30033392247333	0.0005365678147175606
164.86417121386947	0.0005321535871320469
166.4475290937584	0.0005277615089622638
168.0507199208142	0.0005233915227023362
169.67406224030216	0.0005190435709877433
171.3178809308699	0.0005147175965953273
172.98250735561047	0.0005104135424434195
174.66827951717153	0.0005061313515917958
176.375542217347	0.0005018709672417789
178.10464722105198	0.0004976323327362974
179.85595342483103	0.000493415391559918
181.62982703045492	0.0004892200873389503
183.42664172310214	0.00048504636384146335
185.24677885481822	0.0004808941649774064
187.09062763329115	0.00047676343479866675
188.95858531571074	0.00047265411749913946
190.8510574087544	0.00046856615741483465
192.768457873937	0.00046449949902394646
194.7112093391575	0.00046045408694696824
196.67974331641796	0.00045642986594677913
198.67450042574634	0.0004524267809287422
200.6959306261039	0.0004484447769408258
202.7444934528408	0.00044448379917372234
204.82065826215032	0.0004405437929609373
206.9249044831738	0.0004366247037789416
209.0577218773674	0.0004327264772472821
211.21961080569687	0.0004288490591287358
213.4110825042132	0.00042499239532942215
215.63265936755602	0.0004211564318989559
217.88487524158555	0.0004173411150306052
220.16827572456376	0.00041354639106144125
222.48341847786793	0.00040977220647248395
224.83087354630717	0.00040601850788888835
227.21122368819525	0.00040228524208011214
229.62506471603794	0.00039857235596008506
232.07300584753992	0.0003948797965873864
234.55567006794303	0.0003912075111654539
237.07369450376873	0.0003875554470427629
239.6277308082437	0.00038392355171303305
242.2184455593631	0.000380311772815443
244.84652067037652	0.0003767200581348223
247.5126538136737	0.00037314835560190395
250.21755885844408	0.000369596613293533
252.96196632243704	0.0003660647794328999
255.74662383850418	0.0003625528023897859
258.57229663643295	0.0003590606306808127
261.4397680408406	0.00035558821296972155
264.3498399850886	0.0003521354980675747
267.3033335431119	0.0003487024349330954
270.3010894781816	0.00034528897267290117
273.34396881050213	0.0003418950605418027
276.43285340415906	0.0003385206479431159
279.56864657347353	0.000335165684428937
282.7522737105745	0.00033183011970047433
285.9846829339427	0.00032851390360834543
289.2668457597868	0.00032521698615293175
292.5997577962535	0.00032193931748469943
295.9844394619844	0.0003186808479045419
299.42193672965624	0.00031544152786414976
302.91332189571943	0.00031222130796635376
306.45969437733817	0.0003090201389655239
310.06218153735216	0.0003058379717679361
313.72193953903263	0.00030267475743216246
317.4401542310715	0.00029953044716949214
321.2180420648019	0.00029640499234433133
325.05685104434264	0.00029329834447462764
328.95786171143106	0.0002902104552323274
332.9223881663912	0.00028714127644379465
336.9517791263791	0.0002840907600902725
341.0474190231877	0.0002810588583083759
345.21072914121686	0.000278045523390549
349.44316879853636	0.0002750507077855733
353.74623657221565	0.00027207436409906776
358.1214715694574	0.0002691164450940026
362.57045474773963	0.000266176903691245
367.0948102847636	0.00026325569297009184
371.6962070012963	0.0002603527661688374
376.37635983873474	0.00025746807668533084
381.13703139423717	0.000254601578077586
385.9800335157372	0.00025175322406435996
390.907228959353	0.00024892296852578794
395.9205331124062	0.00024611076550399484
401.0219157849719	0.00024331656920376554
406.2134030724426	0.00024054033399318993
411.49707929372124	0.00023778201440434783
416.8750890065985	0.00023504156513399945
422.3496391062035	0.0002323189410443304
427.92300100815334	0.00022961409716363424
433.59751292194426	0.00022692698868709098
439.3755822185212	0.00022425757097753568
445.25968789563353	0.0002216057995662313
451.25238314710856	0.0002189716301536894
457.3562980396025	0.00021635501861048972
463.57414230320535	0.00021375592097812405
469.90870824070726	0.00021117429346986853
476.36287376158384	0.0002086100924716797
482.93960554679023	0.0002060632745430957
489.641962350908	0.0002035337964181698
496.47309844892794	0.00020102161500644216
503.43626723377685	0.000198526687393908
510.53482497344106	0.0001960489708440336
517.7722347352005	0.00019358842279878396
525.1520704856099	0.00019114500087968122
532.6780213752971	0.00018871866288889156
540.3538962183603	0.00018630936681034
548.183628175987	0.00018391707081084327
556.1712796558375	0.00018154173324129607
564.3210474378061	0.00017918331263784977
572.6372680389522	0.00017684176772316456
581.1244233295944	0.00017451705740764958
589.7871464152436	0.00017220914079078261
598.6302277972827	0.00016991797716242664
607.6586218295834	0.00016764352600418873
616.8774534853723	0.00016538574699082829
626.2920254535503	0.00016314459999168854
635.9078255808163	0.00016092004507217827
645.7305346808537	0.0001587120424952718
655.766034730118	0.00015652055272307044
666.0204174736747	0.00015434553641839482
676.4999934625833	0.00015218695444642577
687.2113015502688	0.0001500447678763813
698.1611188726689	0.00014791893798324164
709.3564713417462	0.00014580942624952878
720.8046446823697	0.00014371619436712713
732.5131960448084	0.00014163920423914617
744.4899662282552	0.00013957841798185503
756.7430925510962	0.00013753379792666836
769.2810224085734	0.00013550530662215482
782.1125275597732	0.000133492906836135
795.2467191886274	0.00013149656155783825
808.6930637879703	0.00012951623400010565
822.4613999188255	0.00012755188760165274
836.5619558986181	0.0001256034860294244
851.0053684801221	0.00012367099318097863
865.8027025841283	0.00012175437318697847
880.9654721535148	0.00011985359041372001
896.5056622029709	0.0001179686094657676
912.4357521445379	0.00011609939518864553
928.7687404719557	0.00011424591267161362
945.5181708964233	0.00011240812725052984
962.6981600326123	0.00011058600451080144
980.3234267394839	0.00010877951029041524
998.4093232321256	0.00010698861068307281
1016.9718680854281	0.00010521327204140817
1036.0277812648621	0.00010345346098032311
1055.5945213270293	0.00010170914438040615
1075.690324943892	0.00009998028939147396
1096.334248920768	0.00009826686343622977
1117.5462148871177	0.00009656883421400244
1139.347056859089	0.00009488616970465816
1161.7585718839405	0.00009321883817260119
1184.8035739997201	0.00009156680817091078
1208.5059517590405	0.00008993004854563653
1232.8907295897388	0.00008830852844019877
1257.984133288043	0.00008670221729997833
1283.8136599641714	0.00008511108487701856
1310.4081527941603	0.00008353510123492213
1337.7978809539559	0.00008197423675390095
1366.0146251555839	0.00008042846213599474
1395.0917692378212	0.00007889774841048379
1425.0643983049988	0.00007738206693948446
1455.9694039578198	0.00007588138942375186
1487.8455972077252	0.00007439568790868007
1520.7338297221038	0.00007292493479052294
1554.6771241141412	0.00007146910282285042
1589.7208140552084	0.00007002816512323187
1625.912695067999	0.00006860209518016994
1663.3031869409108	0.00006719086686031573
1701.9455088017753	0.00006579445441591866
1741.8958679930145	0.00006441283249259796
1783.2136640032938	0.00006304597613739898
1825.9617088529085	0.00006169386080716999
1870.2064654613557	0.000060356462377274567
1916.0183057038537	0.00005903375715063469
1963.4717900335984	0.00005772572186717182
2012.6459707633203	0.000056432333713599375
2063.624721320226	0.00005515357033365171
2116.497094055653	0.000053889409838715
2171.3577094780285	0.00005263983081892988
2228.3071801057986	0.00005140481235475711
2287.4525725153403	0.00005018433402904901
2348.907911568641	0.00004897837593964859
2412.7947312916403	0.00004778691871255577
2479.242677406281	0.00004660994351567436
2548.3901671384065	0.000045447432073197954
2620.3851126152394	0.00004429936668064806
2695.385714973741	0.00004316573022062541
2773.5613371917084	0.000042046506179306556
2855.0934647171825	0.00004094167866372046
2940.176764144089	0.000039851232419882055
3029.0202515607575	0.000038775152851811876
3121.8485837766743	0.000037713426041511596
3218.9034874463387	0.00003666603876995406
3320.445343206989	0.00003563297853915091
3426.7549443889093	0.00003461423359537644
3538.135452671553	0.000033609792953629654
3654.914576340497	0.00003261964642340445
3777.4470006491733	0.00003164378463588251
3906.117104229105	0.00003068219907262811
4041.3420007776467	0.00002973488209591219
4183.574951378849	0.00002880182698077782
4333.309200088425	0.000027883027948978734
4491.0822939827585	0.00002697848020493305
4657.4809590148125	0.000026088179973853466
4833.146615100081	0.000025212124542227105
5018.7816282084195	0.000024350312300826864
5215.156414448365	0.000023502742790472728
5423.1175317076895	0.000022669416750772942
5643.596919261545	0.000021850336172084682
5877.622475684225	0.000021045504351000836
6126.33020173431	0.00002025492594965691
6390.97817908835	0.00001947860705921705
6672.962709780343	0.00001871655526792011
6973.837007458011	0.000017968779734121906
7295.332913185694	0.00001723529126481914
7639.386209584261	0.00001651610240020147
8008.166232677989	0.000015811227504836433
8404.110637898306	0.00001512068286618849
8829.966373909378	0.000014444486801241025
9288.838167025804	0.000013782659772121654
9784.246135453863	0.000013135224511725185
10320.194556889497	0.000012502206160495711
10901.25433288163	0.000011883632415683875
11532.662366257991	0.00001127953369459412
12220.441944859433	0.000010689943313570525
12971.549376205252	0.000010114897684751837
13794.053641125947	9.554436532952608e-6
14697.357866664794	9.008603135427182e-6
15692.47415339548	8.477444587744173e-6
16792.36700682053	7.96101209960423e-6
18012.38571754621	7.459361325119287e-6
19370.813097732018	6.972552732965959e-6
20889.56788210708	6.500652022897804e-6
22595.112150093548	6.043730596459211e-6
24519.635318092896	5.601866091446273e-6
26702.615683905708	5.175142991816459e-6
29192.904059954835	4.763653327514279e-6
32051.539548521276	4.367497482258943e-6
35355.60783795896	3.986785132039563e-6
39203.609051422136	3.6216363432434872e-6
43723.052069837155	3.272182867710998e-6
49081.400385731744	2.9385696833385734e-6
55502.17878823246	2.6209568445898684e-6
63289.23125695561	2.3195217294436622e-6
72864.22692878556	2.034461801206427e-6
84826.40967011073	1.7659980505732868e-6
100051.11377594352	1.5143793542608319e-6
119858.82564879376	1.2798880969470926e-6
146319.3067911169	1.0628475811150846e-6
182830.41814630997	8.636320478634407e-7
235298.25555843086	6.826806573832306e-7
314759.47254981287	5.205177599506567e-7
443892.7306092951	3.777837637342556e-7
675800.0380945331	2.5528527557173693e-7
1.161212667722158e6	1.540841831223302e-7
2.4883749168534726e6	7.567867581278825e-8
9.144911643562693e6	2.2467062041350698e-8