2048 1.498650000000000 0.000020529700000 -1.199656576876638 0.000025939862638 0.727356424448600 0.000091127859229 2.760762205280365 0.152851753053995 34.071871788289037 1.700499691691746
2048 1.428650000000000 0.000020529700000 -1.289936871303250 0.000018611666470 0.864696989830902 0.000024151387548 1.456289101468041 0.072194128424336 2.452230280896828 0.122487611136236
2048 1.438650000000000 0.000020529700000 -1.279586272787961 0.000018696442819 0.853773581146435 0.000026545521475 1.597970597741419 0.077899285313857 3.221316042783482 0.160833125327220
2048 1.448650000000000 0.000020529700000 -1.268580775986521 0.000019039951284 0.841336062677522 0.000028412184631 1.673078878644757 0.080266028149301 3.725580976024840 0.186187255805146
2048 1.478650000000000 0.000020529700000 -1.230774959297539 0.000022941630282 0.789156921218042 0.000051829327874 2.191639533197457 0.108594732394394 11.185920448258962 0.559186941698104
2048 1.418650000000000 0.000020529700000 -1.299729280971218 0.000016689161718 0.874432302920334 0.000019909970396 1.345568279136800 0.068482134846567 1.915040323314805 0.095738950725958
2048 1.458650000000000 0.000020529700000 -1.256899329780537 0.000018451473050 0.826972544724774 0.000030621629159 1.535030302208500 0.079370567209451 4.227770966763190 0.211332227260377
2048 1.488650000000000 0.000020529700000 -1.216012935276198 0.000023088776736 0.763070506513666 0.000059112332219 2.616479292427357 0.134379722314679 17.150296877093805 0.857045546438968
2048 1.508650000000000 0.000020529700000 -1.180689841654356 0.000026903260455 0.669853733873916 0.000152439904928 3.497284892842154 0.213895676368182 112.284166136255209 5.610587478201626
2048 1.468650000000000 0.000020529700000 -1.244301956058443 0.000019857447795 0.809869628464061 0.000036441780642 1.950456826425007 0.094494758824718 6.568839669727806 0.328300136998354
2048 1.428650000000000 0.000024414100000 -1.289954053568932 0.000018936539420 0.864703874968917 0.000024281152508 1.421245360949783 0.076907064806050 2.336718629776683 0.116696251574709
2048 1.498650000000000 0.000024414100000 -1.199589323375658 0.000026244989427 0.727266349443576 0.000097641964129 2.841515140252178 0.151401484131344 39.330564882508455 1.966077872739334
2048 1.438650000000000 0.000024414100000 -1.279584453961946 0.000019505239741 0.853769670392193 0.000026743661182 1.524031953075335 0.078347076566544 2.865056628248380 0.143134021823798
2048 1.448650000000000 0.000024414100000 -1.268609118194924 0.000019368831784 0.841348107779056 0.000028514553314 1.679240028945330 0.084617324812661 3.639477751054906 0.181879860984255
2048 1.478650000000000 0.000024414100000 -1.230801295652494 0.000022789110784 0.789303799109024 0.000049962312025 2.265716731121021 0.114325241077411 10.890201288025528 0.544451151936750
2048 1.418650000000000 0.000024414100000 -1.299718090115069 0.000015617474086 0.874414342274598 0.000018874451699 1.215804651202597 0.061699172964366 1.775787117387916 0.088730720718147
2048 1.508650000000000 0.000024414100000 -1.180772762071419 0.000031505997830 0.670399299917375 0.000171055214724 4.122953934672339 0.244694366044428 121.533118502104145 6.071184684663923
2048 1.458650000000000 0.000024414100000 -1.256892955956530 0.000019940881637 0.826976762877570 0.000034215005819 1.685369006516335 0.086373577428957 4.961803123618989 0.248074976985205
2048 1.488650000000000 0.000024414100000 -1.216060381676105 0.000023568601850 0.763189919575630 0.000063001056927 2.554201154712786 0.126044730236516 18.250851357690479 0.912304962788400
2048 1.468650000000000 0.000024414100000 -1.244365445071224 0.000021246033662 0.809947232509915 0.000039594418639 1.956902089754269 0.102390964958807 6.796437192398669 0.339377477302740
2048 1.438650000000000 0.000029033400000 -1.279601158943422 0.000018874152239 0.853811928877890 0.000025730909265 1.520480094053191 0.077767711275624 2.825895500884117 0.141111255930953
2048 1.428650000000000 0.000029033400000 -1.289923361975294 0.000017508384315 0.864681295612279 0.000021838705335 1.466944912815605 0.072701318079262 2.282314242800521 0.113986027145225
2048 1.448650000000000 0.000029033400000 -1.268624708141083 0.000019688082092 0.841386099005007 0.000029337299073 1.640781042493382 0.086294731203804 3.643208804862070 0.182146921779118
2048 1.458650000000000 0.000029033400000 -1.256936038693408 0.000023231994887 0.827016332546869 0.000038624839332 1.859253609086057 0.109357133527147 5.139241166992828 0.256582759047708
2048 1.498650000000000 0.000029033400000 -1.199622877046599 0.000023052201298 0.727411939080355 0.000080312919321 2.799007822997306 0.140564643554796 33.974269749844979 1.698333071235757
2048 1.478650000000000 0.000029033400000 -1.230844056396570 0.000024115201425 0.789424541148733 0.000052290894180 2.322624267231957 0.121227381068930 10.920670621669744 0.545273885552909
2048 1.418650000000000 0.000029033400000 -1.299730444976841 0.000015880219989 0.874416948152533 0.000018671002430 1.352492774902138 0.062750332830833 1.869636576933767 0.093473595378867
2048 1.488650000000000 0.000029033400000 -1.216076564233114 0.000022501484318 0.763206292132629 0.000059453709770 2.473652734689364 0.133450915306628 17.269283275467835 0.863302220774531
2048 1.508650000000000 0.000029033400000 -1.180807331902941 0.000025914138520 0.670991817589014 0.000141527396079 3.412881040059113 0.196050799600609 101.795512093305462 5.087411863067922
2048 1.468650000000000 0.000029033400000 -1.244369572498472 0.000020171856625 0.809998225000046 0.000038630513685 1.994116944630437 0.097305244244264 7.313408712935643 0.365589563780059
2048 1.438650000000000 0.000034526700000 -1.279625909409695 0.000019221172662 0.853825248608761 0.000026884860493 1.611373095091783 0.082141981894754 3.152476970055999 0.157558462424950
2048 1.428650000000000 0.000034526700000 -1.289982839947535 0.000017584924672 0.864732297538671 0.000021505039064 1.456194705195970 0.074804545234807 2.177804518780860 0.108773560264100
2048 1.498650000000000 0.000034526700000 -1.199737335345926 0.000026119799783 0.727699484641492 0.000092650939589 2.871753837276546 0.148303086969667 36.133262714873766 1.805904778552094
2048 1.478650000000000 0.000034526700000 -1.230866427962263 0.000023648693555 0.789456579194847 0.000051042942887 2.233631260403596 0.112287955360911 10.405634886224306 0.519750173379188
2048 1.448650000000000 0.000034526700000 -1.268612997004110 0.000017153654661 0.841336545563568 0.000026603519519 1.577795602588754 0.074756958705495 3.795033441712174 0.189374863230735
2048 1.458650000000000 0.000034526700000 -1.256923572172050 0.000020085630064 0.826993668578683 0.000033580145867 1.770248606275434 0.084648891144055 4.947986414185673 0.247369002703313
2048 1.418650000000000 0.000034526700000 -1.299764422663565 0.000016983757625 0.874465040446539 0.000020016443045 1.342322707440903 0.067224794262330 1.864503403807898 0.093145930766984
2048 1.508650000000000 0.000034526700000 -1.180826077943158 0.000028830640352 0.671309206696929 0.000154144778202 3.595750729404287 0.227790162308642 102.787105047370517 5.131523623368926
2048 1.488650000000000 0.000034526700000 -1.216066675038499 0.000023820745752 0.763312432901459 0.000064443766377 2.641119509590039 0.138352860840020 19.330325850269919 0.966461363376271
2048 1.468650000000000 0.000034526700000 -1.244391778864483 0.000020497156905 0.810032358736669 0.000037754169403 1.974961696722062 0.093435022035946 6.700408273466159 0.334443868270408
2048 1.438650000000000 0.000041059400000 -1.279613916773635 0.000017418061467 0.853810864268434 0.000023878627787 1.459447027735975 0.073545668736801 2.742883933900532 0.136848622192798
2048 1.428650000000000 0.000041059400000 -1.289992562574225 0.000017268630641 0.864756510342439 0.000022270072916 1.378017040435991 0.069578130044654 2.291828232397828 0.114518437701678
2048 1.448650000000000 0.000041059400000 -1.268638743703561 0.000019464381160 0.841389916305748 0.000029711199318 1.627839325107802 0.080562133149002 3.792893954635354 0.189580778989500
2048 1.498650000000000 0.000041059400000 -1.199751094778241 0.000023514469317 0.727915794893345 0.000082296430162 2.683361247318609 0.141231128262745 32.867810432910240 1.642527460301333
2048 1.478650000000000 0.000041059400000 -1.230913320278771 0.000022073044836 0.789539282986073 0.000048167363561 2.150446292672631 0.107106767130708 10.240233541356293 0.511944034301039
2048 1.458650000000000 0.000041059400000 -1.256950778980588 0.000019867919196 0.827050573353750 0.000033886898026 1.820614269332793 0.090847936278912 5.296351545738151 0.264600675967835
2048 1.418650000000000 0.000041059400000 -1.299755128076699 0.000017239102933 0.874431025318772 0.000019516304966 1.356629522483383 0.066380380786554 1.738709912134192 0.086868916886638
2048 1.488650000000000 0.000041059400000 -1.216155601218823 0.000023878688728 0.763478905462019 0.000064645350179 2.297334787405018 0.115920956825023 16.837512261416560 0.840031116935601
2048 1.508650000000000 0.000041059400000 -1.180965018520605 0.000027470218209 0.672059979043802 0.000140085329864 3.490992758631868 0.203440513527725 90.784152506541403 4.531796866631939
2048 1.428650000000000 0.000048828100000 -1.289986936102699 0.000019081385179 0.864738044712168 0.000024338781134 1.530723937482390 0.076841904123846 2.490432227432417 0.124464577508750
2048 1.438650000000000 0.000048828100000 -1.279590336288225 0.000017593806418 0.853779766796889 0.000023799217365 1.521534987043357 0.065755407365652 2.784118242348189 0.139100143865267
2048 1.468650000000000 0.000041059400000 -1.244431353490252 0.000019902276943 0.810129850705465 0.000036142405624 2.033933796767531 0.104867698136556 6.707572780481801 0.335154707093741
2048 1.448650000000000 0.000048828100000 -1.268684263297670 0.000019457589091 0.841444058167307 0.000028198349660 1.663972945059107 0.091279441046248 3.494745774160975 0.174635105707395
2048 1.498650000000000 0.000048828100000 -1.199786708655666 0.000024967817344 0.728115296695387 0.000088649191864 2.756626524036879 0.138228822184050 34.750922291991678 1.737074439894983
2048 1.478650000000000 0.000048828100000 -1.230906273605851 0.000022574107041 0.789578016358192 0.000048264940779 2.286768263079979 0.118776622930234 10.453568067250107 0.522343805118616
2048 1.418650000000000 0.000048828100000 -1.299800787083696 0.000017656437119 0.874485554743787 0.000020951628539 1.443386184494038 0.074747041571236 2.032413033456901 0.101454442669962
2048 1.458650000000000 0.000048828100000 -1.256961889976643 0.000021184572590 0.827077426491901 0.000034409266435 1.938287314953731 0.095352164833931 5.113633154609126 0.255448698085148
2048 1.488650000000000 0.000048828100000 -1.216180376417960 0.000023873682407 0.763588700081734 0.000066023470398 2.444110177884002 0.126651106607697 18.692984772892462 0.933523785927328
2048 1.508650000000000 0.000048828100000 -1.181068428580191 0.000027569103678 0.672782243905285 0.000151304187742 3.600694631509310 0.208552032328382 108.453330868424899 5.420842935442773
2048 1.448650000000000 0.000058066800000 -1.268691587953607 0.000022165235778 0.841463313058571 0.000034149378987 1.840667825280803 0.093558526727135 4.369143721404002 0.218369733054492
2048 1.438650000000000 0.000058066800000 -1.279634859587438 0.000018300134291 0.853822202705364 0.000024994199882 1.626628229426081 0.075187566181423 3.034297986165105 0.151592261767301
2048 1.428650000000000 0.000058066800000 -1.290000105917691 0.000016146581422 0.864783428533433 0.000020702782676 1.350186662977595 0.064892207488206 2.219678555528121 0.110905544262198
2048 1.468650000000000 0.000048828100000 -1.244432848196105 0.000021694781301 0.810128831010820 0.000039595139197 2.102271954894281 0.102172331326643 7.002644702633380 0.349759361488418
2048 1.498650000000000 0.000058066800000 -1.199892291295564 0.000023436603522 0.728462861601713 0.000080585273442 2.893134684371856 0.149350592382639 34.205084958997759 1.708012279168347
2048 1.478650000000000 0.000058066800000 -1.230938685798797 0.000021615160346 0.789671556470484 0.000046521591331 2.199984029783458 0.110780052271068 10.190880965899112 0.508667256550703
2048 1.418650000000000 0.000058066800000 -1.299772556189130 0.000017611399316 0.874474209373290 0.000020407056319 1.445202099721508 0.071775541669897 1.940446089551021 0.096943712562942
2048 1.458650000000000 0.000058066800000 -1.256990715337479 0.000019931282023 0.827097130296833 0.000032824303185 1.832245403827125 0.093998179983798 4.969402830116227 0.248251403937647
2048 1.488650000000000 0.000058066800000 -1.216216524054939 0.000022807247573 0.763714403089562 0.000059305924259 2.485643865215491 0.121704823492179 16.806965475929552 0.840000891400371
2048 1.448650000000000 0.000069053400000 -1.268708827024577 0.000018855915497 0.841483866256444 0.000029212957235 1.505008847147810 0.076173753377731 3.612391838143446 0.180461138865750
2048 1.508650000000000 0.000058066800000 -1.181159199507213 0.000026354482494 0.673636911253049 0.000136978880391 3.595506427995101 0.175361102856519 97.131100299122465 4.856513150422193
2048 1.438650000000000 0.000069053400000 -1.279698433064665 0.000016674512542 0.853895263591347 0.000022668180334 1.342367350172666 0.068094871906946 2.480837996600215 0.123941358135091
2048 1.428650000000000 0.000069053400000 -1.290045433106208 0.000017759533391 0.864804934806966 0.000022340050361 1.496368363284257 0.079652614496525 2.367792884629412 0.118292787084138
2048 1.468650000000000 0.000058066800000 -1.244460428121468 0.000020095947841 0.810161736229277 0.000038199544273 1.942230061879137 0.098609103351291 7.017784786290112 0.350457580041807
2048 1.418650000000000 0.000069053400000 -1.299801791169130 0.000018513876497 0.874483119216566 0.000021315765649 1.398487063103440 0.076267982140533 1.853811629614151 0.092552003649172
2048 1.478650000000000 0.000069053400000 -1.231008946496956 0.000023754001636 0.789777593380734 0.000052792199638 2.234361808058883 0.117276115894335 11.036197163906071 0.551737256733705
2048 1.498650000000000 0.000069053400000 -1.199990860246616 0.000025566020580 0.729045529270647 0.000087912785327 2.937862703687487 0.155592435529490 34.738359672989297 1.734219123242179
2048 1.458650000000000 0.000069053400000 -1.257006960367464 0.000020715050482 0.827153135132005 0.000034703075061 1.794094053734498 0.087715573760873 5.035111984225323 0.251710291425365
2048 1.488650000000000 0.000069053400000 -1.216309484859535 0.000022632044192 0.764037917804167 0.000056065942904 2.493782689222397 0.138372697679152 15.304153106003850 0.764657492839403
2048 1.448650000000000 0.000082118800000 -1.268731565745961 0.000018191950564 0.841487443860143 0.000027340874555 1.602105979432195 0.081580498164310 3.618741087766955 0.180867614910807
2048 1.438650000000000 0.000082118800000 -1.279739813777272 0.000017589910223 0.853954652249813 0.000024319886667 1.441480511814927 0.070431591993949 2.755526696922417 0.137639518546763
2048 1.508650000000000 0.000069053400000 -1.181273726263340 0.000027929639489 0.674600670227458 0.000140962278868 3.561026619848707 0.227127119027417 90.709001127937526 4.530091158934789
2048 1.428650000000000 0.000082118800000 -1.290043607507301 0.000016337734150 0.864820817736693 0.000020617113417 1.346296969945516 0.068016474682147 2.143941538051358 0.107190198382518
2048 1.418650000000000 0.000082118800000 -1.299838714254779 0.000017550551161 0.874516570598889 0.000020402992274 1.407912455892276 0.070223530042355 1.902750575783616 0.094952346052503
2048 1.468650000000000 0.000069053400000 -1.244527516513631 0.000020996413540 0.810271080128558 0.000040344709551 1.936369201008172 0.096139914335198 7.149425038421491 0.357241372793179
2048 1.478650000000000 0.000082118800000 -1.231062541964548 0.000023286845072 0.789889881317627 0.000050627629312 2.298086767761320 0.121470777558412 10.862262595867040 0.542262704165784
2048 1.498650000000000 0.000082118800000 -1.200061092199372 0.000023828566345 0.729326928071986 0.000078380849097 2.676070810827937 0.129661642959548 28.954875471743243 1.445498330326594
2048 1.448650000000000 0.000097656300000 -1.268780589676410 0.000019938589892 0.841581354594098 0.000030373502494 1.645967867308341 0.083479664455890 3.819638142590527 0.190672469575314
2048 1.488650000000000 0.000082118800000 -1.216355935005112 0.000022205552676 0.764157113941035 0.000058877166462 2.409015363234001 0.131862334432196 16.935974757654058 0.846244376906351
2048 1.458650000000000 0.000082118800000 -1.257077567037058 0.000019285580107 0.827214435164818 0.000031111345063 1.886569473547542 0.088250651694667 4.909587047461131 0.244988770668573
2048 1.438650000000000 0.000097656300000 -1.279780155181306 0.000017389115337 0.853983419813616 0.000024366922325 1.410521509641320 0.070236669323978 2.769657679302735 0.138475519912558
2048 1.508650000000000 0.000082118800000 -1.181437728139958 0.000027931804504 0.675738255476160 0.000139324140477 3.522535834739369 0.215502154203920 87.641575752281810 4.381944450970306
2048 1.418650000000000 0.000097656300000 -1.299876348730776 0.000017225930759 0.874564451421036 0.000020120979883 1.347538717825034 0.066012207795711 1.838544354562768 0.091774178515450
2048 1.468650000000000 0.000082118800000 -1.244541957543782 0.000022062673828 0.810347587668846 0.000042294897658 1.968435266631310 0.103221499202390 7.234038323766669 0.361236923243124
2048 1.428650000000000 0.000097656300000 -1.290162424367702 0.000015989928163 0.864914077431410 0.000020422416285 1.406684398955686 0.065594314168739 2.294657619258234 0.114576765116029
2048 1.478650000000000 0.000097656300000 -1.231161964506124 0.000021773807512 0.790140370811734 0.000046344788887 2.256603368276417 0.113267027387732 10.223233725219190 0.510826290477368
2048 1.498650000000000 0.000097656300000 -1.200099600034637 0.000025813520888 0.729599331260158 0.000085079495922 3.095724218567343 0.158636344653720 33.629281679440226 1.680695055292025
2048 1.448650000000000 0.000116134000000 -1.268871514340352 0.000019476569554 0.841722777653920 0.000029013556849 1.594733004656741 0.077680964104382 3.538873160170953 0.176532980174978
2048 1.438650000000000 0.000116134000000 -1.279795569681097 0.000018725753391 0.854014348785633 0.000026390705924 1.474173548387478 0.071895727894922 2.928006453074807 0.146293259997222
2048 1.488650000000000 0.000097656300000 -1.216421777042219 0.000022671594471 0.764395595541898 0.000058961953809 2.554641794506545 0.122709691099845 17.278642381355279 0.863401965006985
2048 1.458650000000000 0.000097656300000 -1.257122899371992 0.000019270722289 0.827306137015264 0.000031239131522 1.751251990692651 0.083732774172375 4.602041804466250 0.230021988122815
2048 1.508650000000000 0.000097656300000 -1.181611032320190 0.000025886617138 0.677163552281991 0.000130543927773 3.155988518822653 0.158315123793679 80.259816877696281 4.006772867891232
2048 1.418650000000000 0.000116134000000 -1.299912618606023 0.000016445206540 0.874575190946280 0.000018937770573 1.325707865442837 0.063736440603837 1.758032381593398 0.087865664573755
2048 1.478650000000000 0.000116134000000 -1.231210420643034 0.000023347485055 0.790282768200041 0.000051755519605 2.143077908307833 0.113206203848771 10.531035904153031 0.526046458741616
2048 1.428650000000000 0.000116134000000 -1.290142528735172 0.000016662475149 0.864899374614254 0.000020744253867 1.393828045734438 0.067846128627351 2.160358404652621 0.107900619127077
2048 1.448650000000000 0.000138107000000 -1.268900658252882 0.000021072735405 0.841755334679430 0.000031972563532 1.709975558861072 0.087645977118811 3.936434168436338 0.196606608059695
2048 1.498650000000000 0.000116134000000 -1.200288644567684 0.000025235205860 0.730300329417066 0.000086176730945 2.798163213815926 0.156917683653074 32.631675216388253 1.630422022399651
2048 1.468650000000000 0.000097656300000 -1.244607754880245 0.000020303218047 0.810447049564157 0.000037459022256 1.987210141258148 0.098449514192717 6.764363103697729 0.338106756302658
2048 1.438650000000000 0.000138107000000 -1.279831183200557 0.000019116169899 0.854030073362556 0.000025525299937 1.506454182519234 0.076976905237266 2.685937310230064 0.134116121633767
2048 1.458650000000000 0.000116134000000 -1.257201938212317 0.000021004182595 0.827458896468170 0.000034056798306 1.717667279788825 0.089831556519650 4.515804242983364 0.225458443417465
2048 1.488650000000000 0.000116134000000 -1.216559346864892 0.000022618039597 0.764704631832378 0.000058723368642 2.444573338585994 0.119500917910946 16.478401194075865 0.823236457432034
2048 1.418650000000000 0.000138107000000 -1.299968412712590 0.000017014180182 0.874623115407596 0.000020164225424 1.359118098594689 0.069043954606651 1.908966152993532 0.095260245994443
2048 1.428650000000000 0.000138107000000 -1.290202573615112 0.000018706774313 0.864952692864251 0.000023015199314 1.532853661943433 0.080745584280140 2.320237078743412 0.115847984425471
2048 1.508650000000000 0.000116134000000 -1.181817456967044 0.000027534499765 0.678477491939904 0.000128216474913 3.477841082557750 0.190014261147273 75.412444172213029 3.768237864900740
2048 1.448650000000000 0.000164238000000 -1.268957629754851 0.000019741782082 0.841788621100570 0.000030224194089 1.699394127188482 0.082782323862235 3.983188548212085 0.199021852303249
2048 1.498650000000000 0.000138107000000 -1.200448196954450 0.000023666646510 0.731008529110551 0.000079809154267 2.702529207595344 0.127856465578172 30.732816675277626 1.535349400077566
2048 1.478650000000000 0.000138107000000 -1.231295039815014 0.000020829129866 0.790514128628899 0.000044964875128 2.089654364509852 0.101510662001528 9.738206649255499 0.486200039887629
2048 1.468650000000000 0.000116134000000 -1.244695150822065 0.000019974323714 0.810599641242158 0.000036924348913 1.984878436491389 0.094602986739633 6.782900368521423 0.339030369460406
2048 1.438650000000000 0.000164238000000 -1.279942195681257 0.000018349202474 0.854161741947933 0.000026294667026 1.439040811132375 0.073302223673801 2.955112889053277 0.147554918055195
2048 1.458650000000000 0.000138107000000 -1.257280309070939 0.000020502651179 0.827522718687383 0.000034217620657 1.839685165975687 0.090050962714886 5.124164641458187 0.255995006696045
2048 1.448650000000000 0.000195313000000 -1.269066550806587 0.000020823839450 0.841956744200973 0.000031105645102 1.722551276407478 0.087429148589995 3.843518453036377 0.192038438500772
2048 1.488650000000000 0.000138107000000 -1.216664594368786 0.000023437030303 0.765060487641363 0.000061192925640 2.451475985072704 0.130063919277614 16.711864849922939 0.834221799412753
2048 1.428650000000000 0.000164238000000 -1.290268402525474 0.000019164761942 0.865022809720346 0.000023391608343 1.505311346830504 0.078750852481674 2.242537142405573 0.112000965108171
2048 1.498650000000000 0.000164238000000 -1.200611378553514 0.000027036730793 0.731683007440150 0.000086204835738 2.905068548000185 0.160494020238261 29.533253163914619 1.475206024555163
2048 1.418650000000000 0.000164238000000 -1.300015314215316 0.000016413824001 0.874662660591975 0.000019583419517 1.342955917509669 0.069949476533144 1.911697919411473 0.095548096173604
2048 1.508650000000000 0.000138107000000 -1.182043925001908 0.000024195788206 0.680150918194489 0.000113530261351 3.157567810783908 0.185712434755590 69.517862899061328 3.472993814362598
2048 1.478650000000000 0.000164238000000 -1.231369672316180 0.000020506149549 0.790664681024303 0.000045077366011 2.015809382184802 0.097773576104884 9.740882033883217 0.486998886814477
2048 1.438650000000000 0.000195313000000 -1.280017064868136 0.000018079032426 0.854253284449648 0.000024454546700 1.545631541755208 0.080515292413714 2.827970262817424 0.141279317848030
2048 1.468650000000000 0.000138107000000 -1.244778342713471 0.000020840224915 0.810753746440460 0.000038396969882 2.086279015911127 0.107304935601479 7.082090834805984 0.353868233399556
2048 1.448650000000000 0.000232267000000 -1.269179384278560 0.000019270887133 0.842104387793311 0.000028542745133 1.606387984169219 0.081424761310949 3.524021184561073 0.176133390886499
2048 1.488650000000000 0.000164238000000 -1.216805530881406 0.000025513497392 0.765430086784149 0.000064235715369 2.607995819321559 0.148054407244823 16.531795689960205 0.824815222142572
2048 1.428650000000000 0.000195313000000 -1.290311687441776 0.000018154508402 0.865077385365568 0.000022719087428 1.459164943961832 0.071199892864266 2.285162908654258 0.114209034791366
2048 1.458650000000000 0.000164238000000 -1.257329519663907 0.000020526857986 0.827631365930712 0.000033550223879 1.790722117557878 0.087792430324648 4.783811818513210 0.239011199030288
2048 1.418650000000000 0.000195313000000 -1.300108958917184 0.000016595092296 0.874742005721178 0.000019881404524 1.314157799358443 0.063439777057093 1.886176355770022 0.094216431197972
2048 1.498650000000000 0.000195313000000 -1.200783210193943 0.000021454174275 0.732495457489298 0.000070002219610 2.486226000223608 0.121015727823551 26.469187904792484 1.323040057065628
2048 1.478650000000000 0.000195313000000 -1.231531688770110 0.000024074289824 0.791029582874409 0.000048402759563 2.373934212347864 0.116880717997970 9.596258877026951 0.478595999937028
2048 1.438650000000000 0.000232267000000 -1.280101057867744 0.000018361827948 0.854379430281378 0.000024333615747 1.553079434518864 0.076571270913002 2.727565151907516 0.136235727357715
2048 1.508650000000000 0.000164238000000 -1.182254267564461 0.000026249147400 0.681785852509427 0.000119594003186 3.310133800065123 0.191749288855969 68.712215579551582 3.434227800530965
2048 1.468650000000000 0.000164238000000 -1.244851401420209 0.000019724291843 0.810912675902266 0.000038038817117 1.893276415611318 0.093629680500408 7.041500137410344 0.351728867987798
2048 1.448650000000000 0.000276214000000 -1.269249221610519 0.000020109872403 0.842199517483533 0.000029819334001 1.690761138190762 0.088437276672438 3.717573006597760 0.185794579913508
2048 1.488650000000000 0.000195313000000 -1.216949906760298 0.000022980171835 0.765944339851341 0.000058573784478 2.401471168030034 0.124031559712749 15.601896876177404 0.779968134175690
2048 1.428650000000000 0.000232267000000 -1.290406629073819 0.000015551791462 0.865144761954948 0.000020302009822 1.349113562161907 0.063218519561256 2.299141640356164 0.114711843105932
2048 1.458650000000000 0.000195313000000 -1.257386948582768 0.000018745758703 0.827742222647309 0.000031524801983 1.832956405227489 0.089317148167578 5.183830894053512 0.258887441896776
2048 1.418650000000000 0.000232267000000 -1.300179802188898 0.000016481540820 0.874820210768000 0.000019433953471 1.362090961131825 0.064966809931440 1.893794309866885 0.094534382872464
2048 1.498650000000000 0.000232267000000 -1.201047690994048 0.000024896682561 0.733532256275029 0.000081390345965 2.668080851746382 0.129211261535507 28.514240685406300 1.424892802464711
2048 1.478650000000000 0.000232267000000 -1.231678273178707 0.000023735692551 0.791384643375620 0.000050542510826 2.243703371860208 0.116980077496712 10.173613869977208 0.508100419496531
2048 1.438650000000000 0.000276214000000 -1.280201005079068 0.000017981823420 0.854455485114133 0.000023616729045 1.562991938327337 0.077053603159884 2.696055167866413 0.134784158210243
2048 1.448650000000000 0.000328475000000 -1.269426404491768 0.000019986401851 0.842443786749318 0.000028945446118 1.649245051716275 0.087299870422779 3.459206228913846 0.172912511618523
2048 1.508650000000000 0.000195313000000 -1.182613786648122 0.000025779963736 0.683806006208863 0.000116429038405 3.081995909773382 0.167223172066160 62.862272227316758 3.141807774290146
2048 1.468650000000000 0.000195313000000 -1.244974854099180 0.000021470599963 0.811131297301780 0.000039139275355 2.148572980892880 0.110225645760259 7.139820783327927 0.356889574664929
2048 1.488650000000000 0.000232267000000 -1.217076854119191 0.000022868342372 0.766445555686950 0.000058182605045 2.354579990735258 0.114861427696604 15.241594474187236 0.761097427822432
2048 1.428650000000000 0.000276214000000 -1.290492360638527 0.000017975528563 0.865250301729773 0.000022879313941 1.470378338946421 0.071062703358208 2.382054822096671 0.118986356189304
2048 1.418650000000000 0.000276214000000 -1.300281721808652 0.000018362007194 0.874896328218959 0.000021307271140 1.401555400893328 0.070641383281067 1.887233459575139 0.094356611054740
2048 1.458650000000000 0.000232267000000 -1.257508669163913 0.000019994103178 0.827918286688410 0.000032275049389 1.740357788929053 0.092758412865490 4.534908350296205 0.226423509955105
2048 1.498650000000000 0.000276214000000 -1.201329238405906 0.000023132367061 0.734655141239568 0.000073870072246 2.414153463942381 0.119792474538324 24.618510410666399 1.229285953320272
2048 1.478650000000000 0.000276214000000 -1.231822180053289 0.000022189541868 0.791722191471977 0.000045578569916 2.223485245274299 0.113979786013678 9.381212411253170 0.468825938120578
2048 1.448650000000000 0.000390625000000 -1.269558014284714 0.000019681571644 0.842608809637856 0.000029175759545 1.601563609154945 0.083500880088140 3.519402866072754 0.175818109674275
2048 1.438650000000000 0.000328475000000 -1.280302561757954 0.000018403685282 0.854565380509934 0.000025150798045 1.573992531679430 0.075386156824512 2.939656673458434 0.146652158717797
2048 1.508650000000000 0.000232267000000 -1.182968948457272 0.000030146267172 0.686195007658070 0.000132480931919 3.719172355186255 0.199690689393757 71.826708712864317 3.588495909053458
2048 1.468650000000000 0.000232267000000 -1.245069787260939 0.000021166603954 0.811314814323487 0.000039167545217 1.937179380942019 0.097242511507035 6.633155478217630 0.331145333126179
2048 1.428650000000000 0.000328475000000 -1.290664540671694 0.000018258824990 0.865421971601903 0.000022786407794 1.440746326719055 0.074078499790683 2.243848856454701 0.112091987968986
2048 1.488650000000000 0.000276214000000 -1.217316978412330 0.000021886267775 0.767137846579919 0.000054424918121 2.278154438435160 0.115859029268055 14.087544918746978 0.702829926637937
2048 1.418650000000000 0.000328475000000 -1.300375531371152 0.000017091320726 0.874968078808907 0.000020678180360 1.345560852977448 0.069097369392800 1.969594095217784 0.098325983126052
2048 1.458650000000000 0.000276214000000 -1.257659027071145 0.000020936147996 0.828143365347564 0.000034087659563 1.686391796824399 0.086332998672317 4.470532839387452 0.223451971394291
2048 1.478650000000000 0.000328475000000 -1.232089905516196 0.000022656868741 0.792227796120163 0.000048695216378 1.927890127646735 0.095718351962964 8.905434260003178 0.444571686389063
2048 1.498650000000000 0.000328475000000 -1.201673339445672 0.000024386329342 0.736004609818303 0.000076060727398 2.736241145900463 0.145246004651921 26.618430744988963 1.329501823972754
2048 1.448650000000000 0.000464534000000 -1.269770004008195 0.000019665003151 0.842879132667497 0.000029092125332 1.569757216107885 0.082688162280991 3.435542672683277 0.171727137524260
2048 1.438650000000000 0.000390625000000 -1.280495927510376 0.000017623475086 0.854781143797300 0.000024385693709 1.535725870170314 0.081843958271225 2.940362205091434 0.146912999307296
2048 1.508650000000000 0.000276214000000 -1.183394356820133 0.000027380356471 0.688633455797848 0.000111424415971 3.076351536294959 0.174865077300931 50.946986162601362 2.547213004563230
2048 1.468650000000000 0.000276214000000 -1.245238714576650 0.000020870940428 0.811605404695700 0.000038228512457 1.918271195889331 0.091941385699276 6.435773734046299 0.321480208324991
2048 1.428650000000000 0.000390625000000 -1.290796188682191 0.000018110906574 0.865575091848114 0.000022638275325 1.482979543745691 0.075885835812415 2.317082274287832 0.115737913515922
2048 1.488650000000000 0.000328475000000 -1.217557767868996 0.000024438731797 0.767816981931371 0.000057289869436 2.561175187686379 0.134691122496953 14.074650530759389 0.702831961428447
2048 1.418650000000000 0.000390625000000 -1.300489104795269 0.000016935153835 0.875082328521386 0.000019995991859 1.280382947822093 0.059761962146137 1.785038107690941 0.089122623830283
2048 1.498650000000000 0.000390625000000 -1.202041132838909 0.000025600547188 0.737408859004697 0.000075220018836 2.758709808089244 0.144972125278335 23.816305828555642 1.190227871519598
2048 1.448650000000000 0.000552427000000 -1.270063855294634 0.000020091284530 0.843239666163679 0.000028229690786 1.720361251106163 0.093284452602951 3.396381652298003 0.169630570681096
2048 1.478650000000000 0.000390625000000 -1.232339118196166 0.000022271677577 0.792835132249573 0.000045301828172 2.133042849463008 0.114017417062245 8.825212577230344 0.441142845167540
2048 1.458650000000000 0.000328475000000 -1.257873747904422 0.000020507854711 0.828445774207085 0.000032067746177 1.968809393614544 0.097459584861167 4.813933467095134 0.240639398805818
2048 1.438650000000000 0.000464534000000 -1.280685520140329 0.000018192851089 0.854993938036461 0.000024613039018 1.516906547220325 0.075341349062173 2.776436701003178 0.138636371268814
2048 1.508650000000000 0.000328475000000 -1.183835377705059 0.000024633758224 0.691214307166053 0.000101708720061 3.188559759249090 0.168301394601683 54.356262806816694 2.717066489375663
2048 1.418650000000000 0.000464534000000 -1.300702686587209 0.000017625693297 0.875259835553427 0.000020631618573 1.364884397102748 0.069615691005114 1.870122485534257 0.093443054142804
2048 1.488650000000000 0.000390625000000 -1.217884886639731 0.000022336063735 0.768573872099436 0.000053515617398 2.398057598182096 0.117515178770814 13.765988740263614 0.687994316474570
2048 1.498650000000000 0.000464534000000 -1.202481982907141 0.000024314038095 0.738999447186789 0.000073379053617 2.478481522771135 0.128693648387805 22.574373822402848 1.127745154679610
2048 1.478650000000000 0.000464534000000 -1.232596085622037 0.000023011813341 0.793414231567156 0.000047091643316 2.015805928106420 0.111972387357325 8.441793504624091 0.421766420574193
2048 1.428650000000000 0.000464534000000 -1.290914335900161 0.000015915198933 0.865652097663299 0.000019490892970 1.463468220748921 0.065211955582428 2.194939865888623 0.109684117449461
2048 1.468650000000000 0.000328475000000 -1.245386402121394 0.000018317306894 0.811917935920297 0.000033976438819 1.786120464969565 0.080241387360500 6.145301813621368 0.306965731063950
2048 1.448650000000000 0.000656950000000 -1.270338834153823 0.000016502642462 0.843560749634631 0.000024255771971 1.453999749457499 0.070483657358229 3.141141877993203 0.157051840341125
2048 1.438650000000000 0.000552427000000 -1.280931609640248 0.000019046970322 0.855286465127483 0.000025938069701 1.616143496790656 0.078790603558881 2.997115051649420 0.149828419593745
2048 1.458650000000000 0.000390625000000 -1.258002016093213 0.000019557791741 0.828669119513942 0.000032168787107 1.821414439929417 0.088542402907293 4.927634801992076 0.246273244437345
2048 1.488650000000000 0.000464534000000 -1.218252856001255 0.000026509977345 0.769686902515472 0.000061561022825 2.490959446444941 0.146188439641766 13.432585013148783 0.670892757714019
2048 1.508650000000000 0.000390625000000 -1.184400283782906 0.000025461030630 0.694269348509036 0.000100848383224 2.995396966752149 0.154841413091601 46.993772182361127 2.348938371503033
2048 1.418650000000000 0.000552427000000 -1.300875084745679 0.000016801180130 0.875420440355519 0.000019831809022 1.268550632537594 0.059633638435563 1.767473427612747 0.088319404765264
2048 1.498650000000000 0.000552427000000 -1.203025537249680 0.000024464324115 0.740999559793335 0.000070954141544 2.579567229654705 0.135008554707928 21.698809518832938 1.083707471054768
2048 1.428650000000000 0.000552427000000 -1.291192827696862 0.000016487866636 0.865926172668259 0.000020884208686 1.344017978331675 0.060847333435750 2.156314954249780 0.107719464934082
2048 1.448650000000000 0.000781250000000 -1.270658844205301 0.000018682607977 0.843941441668741 0.000027405810296 1.594697945294380 0.075584810044910 3.431537325364417 0.171542207357347
2048 1.478650000000000 0.000552427000000 -1.232958075801588 0.000020522445119 0.794215847760903 0.000040273727157 2.143261494715302 0.104466935199490 8.253926604696964 0.412382756096273
2048 1.438650000000000 0.000656950000000 -1.281169652887677 0.000018443278021 0.855564902176210 0.000023768452252 1.576805422992406 0.080018395185049 2.618808148727424 0.130829620180464
2048 1.468650000000000 0.000390625000000 -1.245631547330073 0.000018961491096 0.812357734155083 0.000034329831637 1.885207872856172 0.093781812379247 6.179560932899258 0.308689583315989
2048 1.458650000000000 0.000464534000000 -1.258258387994822 0.000020357976447 0.829027959655002 0.000032099860078 1.723242179976735 0.088525449983285 4.284334586822095 0.214161295769098
2048 1.508650000000000 0.000464534000000 -1.185051352079827 0.000028199748484 0.697353913518372 0.000107435390993 3.130582336536263 0.187130680796619 45.439066252761712 2.271245466688982
2048 1.488650000000000 0.000552427000000 -1.218620970074463 0.000024209993630 0.770704884278148 0.000056156150843 2.506850441532460 0.123500911094866 13.487570826599212 0.674308797848698
2048 1.418650000000000 0.000656950000000 -1.301067316318939 0.000017170108124 0.875542826776380 0.000020327718709 1.340562410943329 0.066210675571287 1.878963148365341 0.093885700521097
2048 1.498650000000000 0.000656950000000 -1.203660739347655 0.000024525240975 0.743079181640380 0.000069694210577 2.501526238407390 0.121679387054884 20.200955058104267 1.009780880920079
2048 1.428650000000000 0.000656950000000 -1.291369909856255 0.000018629818362 0.866101318326138 0.000022650041113 1.518229999870330 0.072854324327629 2.244183251226353 0.112090384071834
2048 1.448650000000000 0.000929068000000 -1.271053243687011 0.000019006960965 0.844446830029756 0.000026824921635 1.661010192998989 0.081020267407410 3.308444516146652 0.165308735499565
2048 1.478650000000000 0.000656950000000 -1.233358031602559 0.000021510146507 0.795028079583190 0.000044461214635 2.008041502540735 0.099068073751326 8.579235587805570 0.428545313459307
2048 1.458650000000000 0.000552427000000 -1.258498265995078 0.000020341000439 0.829399510025169 0.000031856268328 1.751302778148775 0.086304042397772 4.295427763372781 0.214552870841410
2048 1.468650000000000 0.000464534000000 -1.245853342787147 0.000019990876151 0.812768897268373 0.000036330527422 1.816972338087537 0.087928165919538 6.001061310192191 0.299505995874321
2048 1.438650000000000 0.000781250000000 -1.281449017307428 0.000016576605098 0.855848007931791 0.000021596067547 1.485270883021711 0.075956363830844 2.520947716774137 0.126027825824310
2048 1.488650000000000 0.000656950000000 -1.219102903963549 0.000024842089519 0.772047191737960 0.000053908262369 2.580343053123738 0.133092429163383 12.150995795061441 0.607510684862959
2048 1.418650000000000 0.000781250000000 -1.301341733821401 0.000015642057537 0.875787850212148 0.000018490824398 1.297761359446454 0.060315373743121 1.813508641751119 0.090670866124748
2048 1.498650000000000 0.000781250000000 -1.204314627929749 0.000022109641722 0.745229339997447 0.000061406595852 2.292963338618927 0.114473086538566 17.687389746104991 0.883341472453191
2048 1.508650000000000 0.000552427000000 -1.185712682011595 0.000024906127473 0.700690136418133 0.000090353260518 3.055959104843697 0.150467816631919 40.218214273943651 2.007974834684072
2048 1.428650000000000 0.000781250000000 -1.291664618621041 0.000016200679209 0.866375231598362 0.000020365807670 1.269865462816129 0.062790900175144 2.006755872746826 0.100281882856318
2048 1.448650000000000 0.001104850000000 -1.271525739953453 0.000019037922295 0.845008056474244 0.000026769544288 1.658030901951155 0.085478648526311 3.278200233253781 0.163669374886083
2048 1.478650000000000 0.000781250000000 -1.233880059297718 0.000021231648624 0.796097721054017 0.000041794006352 1.912905636497004 0.099591349038519 7.412319302713085 0.370586863180051
2048 1.468650000000000 0.000552427000000 -1.246143043868751 0.000022112789189 0.813279860800998 0.000040031362902 1.982973866131456 0.104117803584485 6.498762891236809 0.324686227714177
2048 1.458650000000000 0.000656950000000 -1.258810768799338 0.000020682770673 0.829866149733144 0.000031636561448 1.827868930281641 0.094375484169205 4.276674195750692 0.213325782869349
2048 1.438650000000000 0.000929068000000 -1.281827590185776 0.000017292112303 0.856233360474569 0.000022309790147 1.588361025430386 0.077032588065459 2.643894354973637 0.131996100713738
2048 1.418650000000000 0.000929068000000 -1.301685254673453 0.000018137033257 0.876067129321069 0.000020754210435 1.235153296691843 0.070891381778938 1.617338016266314 0.080824598985550
2048 1.488650000000000 0.000781250000000 -1.219696333054788 0.000021955255465 0.773469703068988 0.000048647548301 2.265376227253474 0.119759164094605 11.122060804348967 0.555981077540111
2048 1.498650000000000 0.000929068000000 -1.205098697277862 0.000024634681555 0.747708728718559 0.000063730708843 2.435581929576777 0.123959261826847 16.300703043698732 0.814434484207735
2048 1.448650000000000 0.001313900000000 -1.272046188284189 0.000020197278128 0.845633959967242 0.000027827674273 1.712577082611474 0.088022797249326 3.251009649495435 0.162453828701869
2048 1.428650000000000 0.000929068000000 -1.292033156147479 0.000017140658465 0.866718379302801 0.000021182425706 1.316265795072576 0.062967269492953 2.010203276050023 0.100370966708994
2048 1.508650000000000 0.000656950000000 -1.186507877731265 0.000026014423504 0.704462375739073 0.000085741917999 3.285065695312047 0.189420222132395 35.686342170240330 1.781108520867276
2048 1.478650000000000 0.000929068000000 -1.234436806842778 0.000020993728740 0.797238986283944 0.000040669605161 2.030297615992238 0.091007069741250 7.619394394875991 0.380453483765258
2048 1.468650000000000 0.000656950000000 -1.246546296379382 0.000020813113839 0.813913631372612 0.000037549060856 1.769097430522257 0.094621812394932 5.758054763346548 0.287198380896621
2048 1.458650000000000 0.000781250000000 -1.259182925625175 0.000019977080954 0.830372211709139 0.000031308329684 1.781002726244068 0.087331195190467 4.374418423385275 0.218690314007874
2048 1.438650000000000 0.001104850000000 -1.282274598157966 0.000017507314809 0.856722603935794 0.000023263980120 1.481591108512511 0.076494085505530 2.616117927354066 0.130765594951578
2048 1.418650000000000 0.001104850000000 -1.302069273660360 0.000016192685665 0.876407952615391 0.000018445773332 1.324067968310986 0.064479289590817 1.718170442735120 0.085875757885222
2048 1.488650000000000 0.000929068000000 -1.220356484785543 0.000023326603703 0.775201674608085 0.000051117022771 2.388568928567410 0.118885682130034 11.470064455021122 0.573324577197966
2048 1.498650000000000 0.001104850000000 -1.206068934194196 0.000023665075763 0.750696511702103 0.000057620575302 2.583049282969025 0.123223361996469 15.313415772111965 0.765333228593223
2048 1.448650000000000 0.001562500000000 -1.272702753898509 0.000017385588296 0.846444866925978 0.000024090957771 1.457975455690779 0.071028464595097 2.799494145651836 0.139810832221037
2048 1.428650000000000 0.001104850000000 -1.292409619603286 0.000016780375134 0.867076591323405 0.000019708456628 1.403702508308888 0.071416664652307 1.936319311813792 0.096789044908976
2048 1.508650000000000 0.000781250000000 -1.187400460318881 0.000026389392189 0.708344286563349 0.000089561624726 2.760893841468631 0.168293372547639 31.800566741978333 1.586406683656542
2048 1.478650000000000 0.001104850000000 -1.235036164498863 0.000021530502555 0.798419497780881 0.000039839945818 2.169635585103525 0.104692879020674 7.428753355423695 0.371248425357795
2048 1.438650000000000 0.001313900000000 -1.282756991891085 0.000018731299350 0.857254197402878 0.000023527617488 1.601888639088845 0.079639610102024 2.527274491106619 0.126363607094519
2048 1.458650000000000 0.000929068000000 -1.259624414047519 0.000019628506769 0.831044088361284 0.000030662233989 1.785863947235790 0.093028793980384 4.357941867788454 0.217699615333345
2048 1.468650000000000 0.000781250000000 -1.246951296095903 0.000017324936967 0.814691172705757 0.000030516482914 1.772700861607241 0.079047623052707 5.499979707043387 0.274984536583683
2048 1.448650000000000 0.001858140000000 -1.273445863472771 0.000019772319626 0.847298231991855 0.000026804815286 1.616366667908868 0.084305398093479 2.970641739716607 0.148418537011516
2048 1.418650000000000 0.001313900000000 -1.302527484764278 0.000015735478590 0.876772164478214 0.000018258336386 1.275242287483759 0.064374967746297 1.716940326223130 0.085779720865571
2048 1.488650000000000 0.001104850000000 -1.221113855945742 0.000023160965855 0.776981400376354 0.000049013307249 2.563341586697840 0.142187235163436 11.479452283543655 0.573829199814016
2048 1.428650000000000 0.001313900000000 -1.292856940734088 0.000017614916949 0.867470881790697 0.000021363531864 1.404687224581608 0.067416438577413 2.066162801256571 0.103288496185220
2048 1.498650000000000 0.001313900000000 -1.207112776800009 0.000022873137251 0.753568394862397 0.000055929920833 2.395490527648179 0.118628128436463 14.322914357889013 0.715820380722653
2048 1.508650000000000 0.000929068000000 -1.188500283931146 0.000027868210471 0.712730942870216 0.000091267418129 2.996946824808683 0.168696378289715 32.143443717298688 1.605798068247970
2048 1.478650000000000 0.001313900000000 -1.235841254087025 0.000020500266365 0.799958356778884 0.000039018557849 1.969352995394386 0.097475022721712 7.134228039688976 0.356267241592136
2048 1.438650000000000 0.001562500000000 -1.283398867139303 0.000016920182145 0.857894376118976 0.000021919505080 1.375536217390134 0.069486662156328 2.308465826930043 0.115361848820033
2048 1.458650000000000 0.001104850000000 -1.260110095373032 0.000018483463068 0.831709518329331 0.000027836109805 1.630735720972903 0.081121387244578 3.698571154685758 0.184803108750777
2048 1.468650000000000 0.000929068000000 -1.247444855771119 0.000020888802079 0.815469120195521 0.000035732114371 1.844294963785842 0.094599742036046 5.396606364273072 0.269561850414636
2048 1.448650000000000 0.002209710000000 -1.274378661393522 0.000018214283711 0.848358674679395 0.000025490264477 1.481170321979328 0.073906293196085 2.900878175708911 0.144835328930601
2048 1.418650000000000 0.001562500000000 -1.302995812912648 0.000017645122177 0.877153414164402 0.000019682953649 1.423126387591089 0.068372153976982 1.770821031534487 0.088387464697657
2048 1.498650000000000 0.001562500000000 -1.208303612229197 0.000024395574803 0.756946074851798 0.000056589703248 2.505126340656600 0.128250314083364 13.479766084278795 0.672961846927358
2048 1.488650000000000 0.001313900000000 -1.222018755451202 0.000021513253806 0.779104069004890 0.000045225071613 2.096841237590498 0.109065667585678 9.266417717544671 0.463159154144869
2048 1.428650000000000 0.001562500000000 -1.293417752473574 0.000015778942904 0.867986695165128 0.000019522444167 1.320102381238129 0.064131306678699 2.020785346258526 0.100967074601686
2048 1.508650000000000 0.001104850000000 -1.189624461967356 0.000022623311359 0.717067626004662 0.000068453012089 2.601117339406589 0.130304743976752 23.814020578703516 1.189725924349558
2048 1.438650000000000 0.001858140000000 -1.284073613370807 0.000017826933182 0.858583530113304 0.000022421606018 1.365700635330249 0.067030502851107 2.160407479788867 0.107915056331373
2048 1.478650000000000 0.001562500000000 -1.236689306915436 0.000021888408537 0.801598369305141 0.000038517125545 2.101030604703399 0.110167382706643 6.505965333585264 0.325117043834318
2048 1.468650000000000 0.001104850000000 -1.248023426837237 0.000021911406566 0.816443624073514 0.000037618306973 1.914112801435828 0.096013641804178 5.641901573962788 0.282005238587574
2048 1.418650000000000 0.001858140000000 -1.303636724182806 0.000017425197323 0.877669664426038 0.000019610534759 1.269373598308998 0.064319673390595 1.607729293450913 0.080274162230840
2048 1.498650000000000 0.001858140000000 -1.209760733720042 0.000025303322105 0.760573204157072 0.000056868304926 2.401151556987859 0.126199127439585 12.128443008474738 0.606225390220742
2048 1.448650000000000 0.002627800000000 -1.275441663451015 0.000018013218717 0.849528284786119 0.000024083392651 1.555748571363468 0.075392243521557 2.780943074938763 0.139033252835452
2048 1.458650000000000 0.001313900000000 -1.260755251153800 0.000018774232474 0.832603560655546 0.000028114566175 1.579067314716793 0.077404523013404 3.541106875277528 0.176915061756620
2048 1.488650000000000 0.001562500000000 -1.223062491475722 0.000024096610655 0.781417358896483 0.000049937978212 2.277290629787232 0.120881093887825 9.780666467365538 0.488824768523327
2048 1.428650000000000 0.001858140000000 -1.294154168371671 0.000017743109371 0.868655484627913 0.000021871586897 1.380842405787306 0.068228941294851 2.098192090528895 0.104748328662319
2048 1.508650000000000 0.001313900000000 -1.190966061615091 0.000025573928623 0.721921698231610 0.000070989958559 2.782003908309377 0.161088141508536 21.436638470568870 1.070952548495240
2048 1.438650000000000 0.002209710000000 -1.284877865091031 0.000017600964804 0.859356754302980 0.000022232570667 1.352974205729619 0.066809333278912 2.158718089187033 0.107859109549335
2048 1.478650000000000 0.001858140000000 -1.237757966693098 0.000022440274986 0.803467358521052 0.000040461420921 1.996907910723659 0.102652830510040 6.492081285102469 0.324290504188621
2048 1.468650000000000 0.001313900000000 -1.248685493243948 0.000021070252488 0.817523534506397 0.000033554704588 1.853653038105698 0.095517664056013 4.701060138794220 0.234705630222547
2048 1.448650000000000 0.003125000000000 -1.276653446349988 0.000020065666648 0.850788876620687 0.000025792106865 1.681004516366098 0.083567229178508 2.777380188936376 0.138838707778354
2048 1.418650000000000 0.002209710000000 -1.304393911542955 0.000016710425257 0.878265353337231 0.000018459529330 1.228464406860882 0.059393455120024 1.499093842516702 0.074828851200713
2048 1.498650000000000 0.002209710000000 -1.211297683949327 0.000024414092517 0.764360166070135 0.000052289000763 2.345450000513488 0.127862887447977 10.758846032122522 0.537736728025393
2048 1.458650000000000 0.001562500000000 -1.261442311132148 0.000019701480902 0.833565722799359 0.000029147868995 1.866133999224657 0.092883489796033 4.084686210219192 0.203892936075448
2048 1.428650000000000 0.002209710000000 -1.294881547301121 0.000017241248157 0.869304233330948 0.000020405404909 1.359686914646133 0.069061467083938 1.904548104468214 0.095013212677603
2048 1.488650000000000 0.001858140000000 -1.224180482976105 0.000021694757404 0.783826986567026 0.000042690273630 2.206633570584789 0.099848492201182 8.544339608985760 0.427002314880604
2048 1.508650000000000 0.001562500000000 -1.192396200841719 0.000025153239627 0.726761388906183 0.000067763702074 2.627906211467992 0.122594646735089 19.072879008763358 0.952300725684035
2048 1.438650000000000 0.002627800000000 -1.285897019209104 0.000017060077307 0.860333542503729 0.000020763488574 1.490017111052505 0.076882654922064 2.207140157725761 0.110291442503327
2048 1.478650000000000 0.002209710000000 -1.238958456234470 0.000021164331321 0.805615914590433 0.000036182431802 2.010064990339162 0.098780005344817 5.874846187169731 0.293236894604084
2048 1.468650000000000 0.001562500000000 -1.249507168541792 0.000022221519693 0.818806206765226 0.000035439264574 1.861499992482035 0.091733340838569 4.734617817095675 0.236616048739203
2048 1.448650000000000 0.003716270000000 -1.278151607186516 0.000017699638068 0.852353430245221 0.000022513983845 1.532893243562372 0.073618857484035 2.480206485026756 0.123930502042188
2048 1.498650000000000 0.002627800000000 -1.213144996058331 0.000024177115890 0.768536547061445 0.000048852410572 2.568433486245612 0.127249636811545 10.486518703725480 0.524025288315217
2048 1.458650000000000 0.001858140000000 -1.262265838186912 0.000019957739971 0.834636642456055 0.000028580460435 1.715707862393103 0.088710922495033 3.518512220245881 0.175921062080955
2048 1.418650000000000 0.002627800000000 -1.305248846663875 0.000016920487706 0.878933645606610 0.000018611922937 1.413601075145434 0.072446876411401 1.710344536481861 0.085463007793495
2048 1.488650000000000 0.002209710000000 -1.225591337751918 0.000023969035108 0.786674078773049 0.000045406258831 2.253240979931398 0.116150887695468 8.086078981282878 0.404045604357671
2048 1.428650000000000 0.002627800000000 -1.295810666016859 0.000016650024883 0.870112067301487 0.000019604122284 1.336401596045305 0.066320313009754 1.852686843830808 0.092634300290467
2048 1.508650000000000 0.001858140000000 -1.194075309585481 0.000024372519689 0.731936665783708 0.000062968664207 2.668785219653096 0.123439383771102 17.814011356326308 0.888667750995102
2048 1.438650000000000 0.003125000000000 -1.287022813774167 0.000019261832995 0.861421305692334 0.000024409614948 1.319653188505300 0.067993084810822 2.119270742537186 0.105879205162605
2048 1.478650000000000 0.002627800000000 -1.240363080436700 0.000022313862295 0.807921286732351 0.000037123206998 1.926452851872310 0.100829834457889 5.332119344049548 0.265976354126648
2048 1.418650000000000 0.003125000000000 -1.306264312021986 0.000018041691593 0.879684748434430 0.000019963598133 1.320362748074732 0.066023051791011 1.616651432646664 0.080748983666729
2048 1.468650000000000 0.001858140000000 -1.250405711465083 0.000019501503567 0.820182025666943 0.000031965584481 1.655246794712830 0.076901767036592 4.447253253981200 0.222201530483846
2048 1.458650000000000 0.002209710000000 -1.263266090529248 0.000018190775750 0.835932321292909 0.000026716498819 1.560468823652405 0.071180108335774 3.365981644284135 0.168261991056752
2048 1.448650000000000 0.004419420000000 -1.279811306715544 0.000016911590141 0.854000251033625 0.000021330921201 1.473958737019555 0.070810466275220 2.344961187525202 0.117007855492198
2048 1.498650000000000 0.003125000000000 -1.215161455137065 0.000021372613610 0.772872277473694 0.000042961477476 2.232128510342558 0.104945494616227 9.019082161123654 0.450921323719287
2048 1.508650000000000 0.002209710000000 -1.195960317297099 0.000025939066526 0.737562882987252 0.000059438467454 2.558975871045537 0.142687001539891 13.436702796874211 0.670639208506117
2048 1.488650000000000 0.002627800000000 -1.227123072404067 0.000023666748443 0.789667964817598 0.000042814305741 2.247266001173315 0.122413841132488 7.354533056126480 0.367351197857625
2048 1.428650000000000 0.003125000000000 -1.296891072269526 0.000018160238616 0.871014506854171 0.000020253678212 1.359390617626839 0.068381077364034 1.690865170028201 0.084488951433769
2048 1.438650000000000 0.003716270000000 -1.288372667271860 0.000018225562709 0.862677943572234 0.000022085633464 1.545608627847133 0.074975913358105 2.269642013577787 0.113471617907542
2048 1.478650000000000 0.003125000000000 -1.241965143758040 0.000020799515864 0.810456953666828 0.000033768724641 1.853010656404507 0.093059172190713 4.884282576292274 0.244112433510343
2048 1.418650000000000 0.003716270000000 -1.307485947367008 0.000016920742900 0.880602093622648 0.000018847115286 1.264660904540521 0.066126382371581 1.569007479471840 0.078347947799812
2048 1.458650000000000 0.002627800000000 -1.264414337612233 0.000021269988183 0.837358296356425 0.000029690668310 1.764017929597022 0.090579493423006 3.437228818551966 0.171849726772189
2048 1.468650000000000 0.002209710000000 -1.251480316625543 0.000021427934396 0.821736598450583 0.000033186335901 2.006289692454760 0.097490052477397 4.812288271948805 0.240594015918301
2048 1.448650000000000 0.005255600000000 -1.281819875447227 0.000018654293101 0.855929035889475 0.000022327598402 1.491130802931983 0.075795107211026 2.136201291830988 0.106608958544733
2048 1.508650000000000 0.002627800000000 -1.198032701933418 0.000023857995213 0.743166611643900 0.000056632642213 2.297766630630128 0.111190344791051 12.947075255134916 0.646847597935099
2048 1.498650000000000 0.003716270000000 -1.217476845133423 0.000023156786012 0.777493931373618 0.000042871617393 2.176127081235854 0.107543683783644 7.458773603777753 0.372764633800991
2048 1.428650000000000 0.003716270000000 -1.298192733070155 0.000017414326895 0.872068433488003 0.000019625350018 1.301651780970708 0.065904000670017 1.653165197657599 0.082630801968132
2048 1.488650000000000 0.003125000000000 -1.228959689252903 0.000020630004467 0.792993681355037 0.000036613365081 1.959376969538221 0.099571778079222 6.171612460833748 0.308489361870711
2048 1.438650000000000 0.004419420000000 -1.289971980284572 0.000017973105609 0.864088465661714 0.000021062299292 1.552058956411200 0.079649303595023 2.131442010275279 0.106555906440372
2048 1.458650000000000 0.003125000000000 -1.265740937200590 0.000021041816750 0.838911335561528 0.000029171642679 1.820586482572126 0.089750988589999 3.499182681982924 0.174511902580016
2048 1.478650000000000 0.003716270000000 -1.243826275158164 0.000021347057941 0.813254940077431 0.000033315235486 1.993218679139157 0.104465006126029 4.854725352384061 0.242686030811442
2048 1.418650000000000 0.004419420000000 -1.308905717134353 0.000016543435448 0.881618904210673 0.000017835830729 1.304370842153755 0.064280494203148 1.516129729105824 0.075684088161791
2048 1.508650000000000 0.003125000000000 -1.200459281738381 0.000024401610088 0.749211222248971 0.000053937615705 2.185155286645682 0.120164733977733 10.676498124233646 0.533536526821617
2048 1.448650000000000 0.006250000000000 -1.284083735039281 0.000017921703795 0.857995380717479 0.000021355299106 1.458146240700679 0.072031965091239 2.070397856832271 0.103415739300213
2048 1.468650000000000 0.002627800000000 -1.252700313096712 0.000021292091797 0.823559748804248 0.000031875498376 1.913606726081858 0.093313054475890 4.288742745966272 0.214208032069985
2048 1.498650000000000 0.004419420000000 -1.220120036781606 0.000022741839240 0.782482643692480 0.000040818412969 2.000409461843977 0.101488174092041 6.444362474014637 0.321977819319275
2048 1.428650000000000 0.004419420000000 -1.299663241297407 0.000017943968343 0.873265104533187 0.000019971819024 1.429298174430070 0.075070199998658 1.770602586443730 0.088447957374051
2048 1.488650000000000 0.003716270000000 -1.231035722560908 0.000021104433051 0.796590867635126 0.000035889434543 2.158455648516894 0.101872296847676 6.242074984883820 0.311656204514755
2048 1.438650000000000 0.005255600000000 -1.291872828819507 0.000017634513616 0.865732543963067 0.000020203612602 1.361763403681915 0.069242468588510 1.787445266640680 0.089320323409762
2048 1.458650000000000 0.003716270000000 -1.267309016016955 0.000020187788967 0.840825935549665 0.000026833147762 1.753145309820650 0.087731452199108 3.097302664764841 0.154735153044454
