2048 2.199190000000000 0.000020529700000 -1.547747100244487 0.000050385320576 0.786016052647641 0.000061716852283 3.214943049661604 0.170812224778066 4.823616450215469 0.240884319603407
2048 2.229190000000000 0.000020529700000 -1.501778846136391 0.000052110597689 0.735348288720776 0.000095075051260 3.872880821586181 0.200235893533496 12.891847530172845 0.643834854504694
2048 2.189190000000000 0.000020529700000 -1.561494621964931 0.000044278786255 0.798391076815687 0.000049900575087 2.723365120868774 0.136202554576121 3.458800849771817 0.172852111731560
2048 2.179190000000000 0.000020529700000 -1.574472576119960 0.000043366640840 0.809261072589003 0.000046333532640 2.660502753722227 0.137873873629163 3.036987285581145 0.151618582981037
2048 2.219190000000000 0.000020529700000 -1.518012523139237 0.000049112986709 0.755279368924019 0.000075629516322 3.633426929241467 0.185917409499129 8.616013785182078 0.430407822420872
2048 2.259190000000000 0.000020529700000 -1.443314327256352 0.000063639821881 0.623443128517170 0.000294535092617 5.842329907336777 0.319066264180135 125.141760255849547 6.256088570574803
2048 2.239190000000000 0.000020529700000 -1.484184527769961 0.000056569141720 0.710202633319020 0.000127719081271 4.567547885663786 0.228730864536509 23.282815767862509 1.163294529320498
2048 2.209190000000000 0.000020529700000 -1.533333060928672 0.000048627662616 0.771789748769746 0.000067146027563 3.596053478450095 0.186762070301695 6.856460853599625 0.342637118854681
2048 2.249190000000000 0.000020529700000 -1.464988385830955 0.000053513999322 0.676017298079796 0.000164267042456 4.646092274085601 0.235187182850643 43.777795601048602 2.186557762897245
2048 2.169190000000000 0.000020529700000 -1.587105832896722 0.000037035297457 0.819256513229924 0.000035765800385 2.556648475389141 0.128992079341437 2.384378743807309 0.119092228058663
2048 2.229190000000000 0.000024414100000 -1.501678658110416 0.000051644507740 0.735278143326545 0.000093421979926 3.823984068128832 0.190555569676054 12.513129068882927 0.624864501230813
2048 2.199190000000000 0.000024414100000 -1.547657921660582 0.000045486656703 0.785950478911401 0.000057192521896 3.152912846536337 0.159145289694283 4.984509477688862 0.248790457387364
2048 2.239190000000000 0.000024414100000 -1.484180637211628 0.000058716972204 0.710186289697273 0.000131016971697 4.714320714074581 0.244491601973898 23.471829014075063 1.172319224256374
2048 2.189190000000000 0.000024414100000 -1.561514349710524 0.000045307544859 0.798339040408581 0.000050306119412 3.189615707652325 0.159310524248475 3.932230232398430 0.196541840268354
2048 2.219190000000000 0.000024414100000 -1.517977155624273 0.000047577333697 0.755173523282499 0.000074955410774 3.619394988181889 0.180710933340293 8.983421103852232 0.448644145282795
2048 2.259190000000000 0.000024414100000 -1.443424112742520 0.000063158554950 0.623565418116403 0.000299100708903 6.220865382618272 0.343479773920690 139.515133293990885 6.967237868824244
2048 2.209190000000000 0.000024414100000 -1.533342194525525 0.000045036295541 0.771807413390190 0.000064376596994 3.173067921000195 0.162635773773962 6.483508418700125 0.323665309097043
2048 2.249190000000000 0.000024414100000 -1.465093635873548 0.000057097230620 0.676660298688246 0.000171088187358 4.723727843812102 0.224220236425158 42.412593454482518 2.120605048067246
2048 2.179190000000000 0.000024414100000 -1.574636862653320 0.000040165666903 0.809432533052232 0.000042652344728 2.679696244455072 0.123558930343647 3.021770132478609 0.151026014869396
2048 2.169190000000000 0.000024414100000 -1.587176920469659 0.000041587185182 0.819291188213359 0.000040804001904 2.625131239546491 0.130801076268903 2.527187623490985 0.126205578861905
2048 2.229190000000000 0.000029033400000 -1.501718550121895 0.000051609481213 0.735417544924896 0.000095092112126 3.588267633414664 0.186934519478394 12.181894339668226 0.608295932644109
2048 2.199190000000000 0.000029033400000 -1.547734762582547 0.000045722967220 0.785980060491454 0.000056560295735 3.181770543011661 0.158852807842513 4.868816278643787 0.243383404541802
2048 2.189190000000000 0.000029033400000 -1.561506064205225 0.000044562333994 0.798391226862298 0.000052709037801 2.781183758840245 0.140267278232211 3.891024832295472 0.194359478389468
2048 2.209190000000000 0.000029033400000 -1.533300182215487 0.000049640785058 0.771826559077196 0.000066684695892 3.419963690161949 0.168526759053062 6.171582839455166 0.308475935683555
2048 2.219190000000000 0.000029033400000 -1.517987009464136 0.000047383637833 0.755175930939110 0.000076161253970 3.318401808051801 0.164213120362347 8.573148428917831 0.428650816244471
2048 2.239190000000000 0.000029033400000 -1.484240736779744 0.000053553065378 0.710381115714009 0.000119595761681 4.260011934474741 0.204699397136339 21.245831078311596 1.062064882519521
2048 2.249190000000000 0.000029033400000 -1.465085596057458 0.000055616661219 0.676545926458367 0.000164105282405 4.418474549115759 0.247298645139666 38.468712562956483 1.920919949522167
2048 2.179190000000000 0.000029033400000 -1.574586804167800 0.000042222059125 0.809396607030013 0.000045265644044 2.772394235729167 0.125353829799311 3.186497454833680 0.159308221135754
2048 2.259190000000000 0.000029033400000 -1.443437858738736 0.000056277991311 0.623952895737083 0.000253807070222 5.762492848824632 0.269567419234059 117.203519996311456 5.856587673307615
2048 2.169190000000000 0.000029033400000 -1.587104059517166 0.000044416712132 0.819268629948299 0.000043456704002 2.742736059674370 0.144712513952551 2.625456150132397 0.131201723020165
2048 2.229190000000000 0.000034526700000 -1.501836699897335 0.000053130643055 0.735589342690556 0.000095919438808 3.882579347219965 0.212935717827168 12.654455233086901 0.632702141495691
2048 2.209190000000000 0.000034526700000 -1.533271206430217 0.000052433281106 0.771737225943647 0.000070686442313 3.554577752959611 0.183464494271184 6.460203454749322 0.322780905504051
2048 2.199190000000000 0.000034526700000 -1.547720851850725 0.000044674412246 0.786008683517850 0.000055548484695 3.090799809022846 0.158280502625663 4.778566283278193 0.238821220155339
2048 2.189190000000000 0.000034526700000 -1.561486113389985 0.000043353755727 0.798385787274125 0.000048936945994 2.924057649603852 0.148724367283448 3.725685605903079 0.186185566602974
2048 2.249190000000000 0.000034526700000 -1.465107839660158 0.000054744783109 0.676770242165255 0.000163582305599 4.839908281828249 0.234151660562910 43.213983595835039 2.158612690848184
2048 2.219190000000000 0.000034526700000 -1.518022073605881 0.000043932370117 0.755241474179485 0.000069996071336 3.490974071100848 0.157209194339892 8.861855940726775 0.442800596617076
2048 2.239190000000000 0.000034526700000 -1.484331180943247 0.000050770566542 0.710500202809663 0.000112060818104 4.229578445238285 0.203801007175988 20.605380672792062 1.030228670514088
2048 2.179190000000000 0.000034526700000 -1.574545561073691 0.000041771148701 0.809340251088143 0.000043870435613 2.683270299273943 0.127078919881779 2.959753072947545 0.147686157747808
2048 2.259190000000000 0.000034526700000 -1.443604559798878 0.000060044855447 0.625306644695719 0.000263676216436 5.977371021076207 0.303209063533567 115.265814366127145 5.761864432462405
2048 2.169190000000000 0.000034526700000 -1.587147023822126 0.000040154303626 0.819271739267369 0.000039292703065 2.625056163231974 0.116761211115732 2.513611849440063 0.125598396608365
2048 2.229190000000000 0.000041059400000 -1.501814505485460 0.000047373437118 0.735421365411744 0.000088008219904 3.724356063924503 0.181586470016787 12.853691647787789 0.642255859923621
2048 2.209190000000000 0.000041059400000 -1.533342780603655 0.000048409716234 0.771822701433820 0.000065069035435 3.541644595049808 0.166808978256155 6.398654216119093 0.319693491117297
2048 2.199190000000000 0.000041059400000 -1.547754037394195 0.000043608016560 0.785957222033029 0.000055240672998 2.868839843789019 0.141294260799885 4.603536151026104 0.229962949076957
2048 2.189190000000000 0.000041059400000 -1.561504553175469 0.000044497929983 0.798403159696229 0.000050723727709 2.970419776408411 0.157785627437043 3.859762088658500 0.192836940549122
2048 2.239190000000000 0.000041059400000 -1.484364235587966 0.000058301978137 0.710922421585203 0.000119901575284 4.858028710575757 0.237966916954011 20.546756519335702 1.026997663155686
2048 2.219190000000000 0.000041059400000 -1.518080929102962 0.000045633122806 0.755322690279978 0.000070086502301 3.333567150122780 0.166253539167659 7.863530976284907 0.392769811559005
2048 2.249190000000000 0.000041059400000 -1.465215600499385 0.000055224343131 0.677209998286047 0.000161127114679 4.885264046898333 0.248906368925485 41.587631287902049 2.076552405750801
2048 2.179190000000000 0.000041059400000 -1.574673147636368 0.000043398237373 0.809477549519031 0.000045459709527 2.852881425985611 0.141172518063338 3.130349670778558 0.156192593846496
2048 2.169190000000000 0.000041059400000 -1.587140593441742 0.000043057757239 0.819294047066854 0.000040603742356 2.659922762227977 0.132570878582038 2.365365962113213 0.118083038204742
2048 2.259190000000000 0.000041059400000 -1.443832066598097 0.000056221054285 0.626137926150592 0.000253109331571 5.715629582685671 0.296400535353607 115.846366902943018 5.787003937688544
2048 2.229190000000000 0.000048828100000 -1.501825280672298 0.000050936700155 0.735499486578517 0.000090350412185 4.046960467580603 0.191370330282871 12.732908709519435 0.636072401624177
2048 2.199190000000000 0.000048828100000 -1.547829012794082 0.000045844741686 0.786116871329516 0.000056012098167 2.990301922774410 0.138458331968607 4.463747938295252 0.222935582031840
2048 2.209190000000000 0.000048828100000 -1.533368043370172 0.000048340224203 0.771906680063485 0.000066341414185 3.389514648751484 0.164366702103675 6.383952464545325 0.319185823677430
2048 2.189190000000000 0.000048828100000 -1.561538309901263 0.000040306608182 0.798461376478331 0.000046251136400 2.757799433740456 0.127712516256649 3.631240275246532 0.181334772715167
2048 2.249190000000000 0.000048828100000 -1.465274890814867 0.000058853960221 0.677430362074475 0.000173353006469 5.102843331134910 0.259149162823574 44.271435892430546 2.213338525082009
2048 2.219190000000000 0.000048828100000 -1.518117713769932 0.000046948176508 0.755436894595958 0.000071637420396 3.699268386380248 0.171125358828723 8.613075643734671 0.430653543650957
2048 2.239190000000000 0.000048828100000 -1.484375828105198 0.000050942897338 0.710752061741080 0.000115204025951 4.054173142634531 0.186030608162835 20.733390238636872 1.035710308361556
2048 2.179190000000000 0.000048828100000 -1.574616524241463 0.000043454651063 0.809394568737697 0.000044415524420 3.045659580712059 0.147394255354204 3.181840565665262 0.158777123179102
2048 2.169190000000000 0.000048828100000 -1.587149406581678 0.000043588559013 0.819262410319128 0.000042319974267 2.523853092048488 0.133691944409824 2.379084337755325 0.118708962269244
2048 2.229190000000000 0.000058066800000 -1.501888058885839 0.000051948669555 0.735702136235360 0.000091558412481 3.955479471836413 0.213622113465097 12.287026187725473 0.613313510892407
2048 2.259190000000000 0.000048828100000 -1.443920495480548 0.000060283399189 0.627062632851173 0.000269369143329 5.775324324414668 0.297057499184988 115.312556984193876 5.765123555962076
2048 2.209190000000000 0.000058066800000 -1.533331694392648 0.000045105361959 0.771886037923441 0.000065658990004 3.113280290661436 0.156703176002451 6.597057563359408 0.329417913682895
2048 2.199190000000000 0.000058066800000 -1.547860775383528 0.000045366907220 0.786105283066236 0.000055645154027 3.544567486351716 0.167678813566757 5.332607272886455 0.266281667778516
2048 2.189190000000000 0.000058066800000 -1.561533434964089 0.000045561915968 0.798415323566961 0.000051559143056 2.863603620466521 0.138084771861354 3.667079509231328 0.183253741696881
2048 2.219190000000000 0.000058066800000 -1.518097932511180 0.000048813777819 0.755441139708677 0.000072198839685 3.625318259181403 0.176455939456124 7.930886493269466 0.396540318179195
2048 2.239190000000000 0.000058066800000 -1.484406218012654 0.000055093329187 0.710785340087732 0.000126017448984 4.377818149023899 0.217132784448613 22.904512433242012 1.145111028815556
2048 2.249190000000000 0.000058066800000 -1.465284682122952 0.000053415535415 0.677574201957467 0.000160426698582 4.639652109270299 0.222922215219545 41.850778214243476 2.091114475204138
2048 2.179190000000000 0.000058066800000 -1.574704050717702 0.000041557649889 0.809457989381442 0.000042532980243 2.858677862060524 0.134145622692787 2.994434978762315 0.149699777685931
2048 2.259190000000000 0.000058066800000 -1.443986854724244 0.000069088108886 0.627507316725595 0.000295217359770 6.194281436234518 0.345649857487840 113.101432890106778 5.651643807857925
2048 2.229190000000000 0.000069053400000 -1.501864059321620 0.000050618828466 0.735594509525034 0.000090428804986 3.808588824974345 0.200536107090317 12.154958855724436 0.607534345214924
2048 2.169190000000000 0.000058066800000 -1.587217007032202 0.000039096055190 0.819377091006835 0.000037595450217 2.689487817804369 0.126529116993951 2.486991398728063 0.124337313687569
2048 2.199190000000000 0.000069053400000 -1.547810806658936 0.000049346557880 0.786040436021433 0.000059923372701 3.455284537431083 0.180628794306062 5.095215841554029 0.254403094451400
2048 2.189190000000000 0.000069053400000 -1.561613869902423 0.000043871752709 0.798520964450062 0.000048469910865 2.994349215286156 0.155956049077555 3.654911962022119 0.182723965474710
2048 2.209190000000000 0.000069053400000 -1.533480491412344 0.000041264904602 0.772083860290937 0.000057965576167 3.126187345958438 0.143713555089124 6.168699633070742 0.307947250138240
2048 2.239190000000000 0.000069053400000 -1.484500448511666 0.000059460388298 0.711156926573120 0.000130937922173 4.450345348186171 0.234661731678194 21.580878592576170 1.077761987971817
2048 2.219190000000000 0.000069053400000 -1.518222176731494 0.000048960812571 0.755657263827707 0.000076541666254 3.660783222920365 0.185672942957158 8.946900410168251 0.446968500149412
2048 2.249190000000000 0.000069053400000 -1.465450737818214 0.000056635956070 0.678140571049951 0.000165770858307 4.857068879231033 0.229522355373501 41.610809255968853 2.075700343467015
2048 2.179190000000000 0.000069053400000 -1.574686881286540 0.000044767583693 0.809530529016813 0.000045673973325 2.719450966923103 0.136584014276246 2.830684795074514 0.141451180290747
2048 2.229190000000000 0.000082118800000 -1.502118421870629 0.000048828967826 0.736158331143054 0.000087407168492 3.862522817011660 0.185032388398823 12.376848454259765 0.617946391012699
2048 2.259190000000000 0.000069053400000 -1.444114147752764 0.000059481006711 0.628561171688067 0.000252895890745 6.121807661282000 0.296639638189046 110.664061480322260 5.524918212150653
2048 2.169190000000000 0.000069053400000 -1.587220483737476 0.000041864242930 0.819335557359858 0.000040124703078 2.670391962457765 0.126195880407270 2.453082711620064 0.122636867982624
2048 2.199190000000000 0.000082118800000 -1.547963990306790 0.000045394743191 0.786263710100123 0.000057797041473 3.065511024469473 0.159102299420864 4.969388741335384 0.248000236411397
2048 2.189190000000000 0.000082118800000 -1.561696975819157 0.000046117620268 0.798615626799754 0.000053786597517 3.015379282977414 0.152928713843811 4.101628413559579 0.204806479943946
2048 2.219190000000000 0.000082118800000 -1.518269668825766 0.000048993186718 0.755630364137537 0.000074963047488 3.466012732560061 0.179401317652227 8.114340797226699 0.405672320456787
2048 2.209190000000000 0.000082118800000 -1.533483166561220 0.000046695097816 0.772082516336560 0.000063874420677 3.332462685888909 0.167003938505646 6.235577262197851 0.311690194402848
2048 2.239190000000000 0.000082118800000 -1.484602370051796 0.000053736875524 0.711405113815383 0.000112642846168 4.397484594513211 0.206586031833507 19.322652115777238 0.965910074331014
2048 2.249190000000000 0.000082118800000 -1.465549094981303 0.000056009827463 0.678751836625896 0.000156265753947 4.580617124898257 0.236978804795796 35.655222098695411 1.780975537545668
2048 2.179190000000000 0.000082118800000 -1.574716096003021 0.000044654371672 0.809491043368345 0.000046857243331 2.897608617545120 0.152864185638393 3.190547603706635 0.159306791112972
2048 2.229190000000000 0.000097656300000 -1.502125066585722 0.000049045357358 0.736239074307762 0.000087848450796 3.584543099307402 0.172914624430520 11.500221741626357 0.574928681730217
2048 2.169190000000000 0.000082118800000 -1.587285225007820 0.000040844017466 0.819403693610029 0.000039298402239 2.445053819414068 0.125939759940156 2.263504194846571 0.113005883520421
2048 2.259190000000000 0.000082118800000 -1.444334651191872 0.000058692030825 0.629655377943437 0.000251482234628 5.813387931788890 0.289029248718489 106.729789362413129 5.332764771967906
2048 2.199190000000000 0.000097656300000 -1.548013657804725 0.000043395841287 0.786316978463400 0.000051329572611 3.106772729522487 0.150945893209083 4.346588797735611 0.217208322182155
2048 2.219190000000000 0.000097656300000 -1.518326065477930 0.000047686132027 0.755769004213051 0.000073792308078 3.227673143330927 0.158009235774309 7.729075394942115 0.386069681679103
2048 2.189190000000000 0.000097656300000 -1.561740175542108 0.000045557825713 0.798602594340101 0.000051328334448 2.986361400518220 0.156616205294818 3.790798761925863 0.189098429091280
2048 2.209190000000000 0.000097656300000 -1.533688593283523 0.000047245275837 0.772376718887916 0.000064986390976 3.301270198492646 0.168019128491952 6.246102857727537 0.312226729128665
2048 2.229190000000000 0.000116134000000 -1.502202248931556 0.000055743238571 0.736428720031918 0.000098000480151 3.952245447626388 0.199800102179907 12.215631449277218 0.610694590518088
2048 2.239190000000000 0.000097656300000 -1.484687950659827 0.000053754101509 0.711668019276924 0.000117376216842 4.340767663200253 0.217443135519162 20.696816168320652 1.034171452782135
2048 2.249190000000000 0.000097656300000 -1.465702482697973 0.000055413080098 0.679135515915220 0.000158702232024 4.598052095987713 0.226423712793644 37.715109725886187 1.881914515879600
2048 2.179190000000000 0.000097656300000 -1.574857983516770 0.000042840619838 0.809645959801493 0.000046105928403 2.684663703049133 0.136790778455326 3.109509891243446 0.155372276857948
2048 2.259190000000000 0.000097656300000 -1.444519529346397 0.000063258584272 0.630788722291185 0.000259250129082 5.735395671845167 0.309543290369717 96.330188586666495 4.806394612432368
2048 2.169190000000000 0.000097656300000 -1.587306164069111 0.000043161978934 0.819374213591030 0.000040032142464 2.856526090760654 0.142788491722096 2.457271622976589 0.122845069751713
2048 2.189190000000000 0.000116134000000 -1.561743846161786 0.000044368454140 0.798690629816380 0.000050044479161 2.768350683488212 0.136107985200236 3.521963543783059 0.175713502922978
2048 2.219190000000000 0.000116134000000 -1.518386846742745 0.000050716094197 0.755927227228956 0.000077979836428 3.816160871329756 0.179720228803938 9.021935426250201 0.450470974055727
2048 2.199190000000000 0.000116134000000 -1.548058814086321 0.000046419940612 0.786395973156973 0.000055760987172 3.221976557449523 0.169272049478174 4.649156040580828 0.232181733517646
2048 2.229190000000000 0.000138107000000 -1.502443311725171 0.000054978662047 0.736908520400190 0.000097085646187 4.066372818141942 0.206836162715993 12.680281979884899 0.632567059224640
2048 2.209190000000000 0.000116134000000 -1.533703527788131 0.000047039739166 0.772415475345848 0.000062229909337 3.444851444245790 0.167432162560219 6.028913110616700 0.301195247664794
2048 2.179190000000000 0.000116134000000 -1.574960121000970 0.000046962539588 0.809709877953342 0.000045920767444 2.788902458838460 0.140034156057127 2.666542143577293 0.133225241767785
2048 2.239190000000000 0.000116134000000 -1.484833901897804 0.000054495930432 0.711908588574054 0.000115965477198 4.505905936207506 0.210803933641276 20.403816845762108 1.018411929465926
2048 2.249190000000000 0.000116134000000 -1.465922195347771 0.000057659968069 0.680037328417266 0.000158565629496 5.226490079447101 0.261522510089757 39.525688830878295 1.974992830334268
2048 2.169190000000000 0.000116134000000 -1.587426872932439 0.000047584158555 0.819512120534001 0.000045449920513 2.889555459887382 0.151650495352040 2.636164471068664 0.131499644572874
2048 2.259190000000000 0.000116134000000 -1.444800837359087 0.000059508167975 0.632777925451689 0.000235985226263 5.686910789159358 0.272484654644090 89.431988048563639 4.466484573083571
2048 2.199190000000000 0.000138107000000 -1.548130593017829 0.000047261579778 0.786395869897992 0.000059147356594 3.028888051932794 0.147751238308689 4.743920836822856 0.236681156318095
2048 2.229190000000000 0.000164238000000 -1.502463363747847 0.000050421120602 0.736987162524869 0.000088607143303 3.845863397641360 0.194683194529722 11.876988539649272 0.592946956679973
2048 2.219190000000000 0.000138107000000 -1.518598543931835 0.000045781389910 0.756211829519718 0.000072902868690 3.386955415320396 0.167909818384381 8.588568195848703 0.428957099130374
2048 2.209190000000000 0.000138107000000 -1.533818317659133 0.000045878730015 0.772544095329209 0.000064718341429 3.256920964776715 0.160861570329912 6.480957930624272 0.323991773932033
2048 2.189190000000000 0.000138107000000 -1.561840064108955 0.000040278645855 0.798738089057058 0.000044769393614 2.900065557598304 0.143560613393958 3.582783098493303 0.179038113775522
2048 2.239190000000000 0.000138107000000 -1.484934400363281 0.000057461589212 0.712406179968830 0.000125599108763 4.378823926995052 0.221787865264252 20.920657607617695 1.044713587389824
2048 2.249190000000000 0.000138107000000 -1.466163353158619 0.000056095162106 0.680791203554246 0.000156959222700 4.741283630651020 0.232696723761945 37.120925887050369 1.854479598058550
2048 2.179190000000000 0.000138107000000 -1.574953520325313 0.000038986555498 0.809724832154118 0.000040686941496 2.796742181230120 0.130563603404538 3.046020265796141 0.152192109690789
2048 2.169190000000000 0.000138107000000 -1.587467857071064 0.000041369928481 0.819521907528192 0.000040200291819 2.673887998309856 0.130722050824325 2.524829658595698 0.126195048116742
2048 2.259190000000000 0.000138107000000 -1.445047221464579 0.000055432191061 0.634461359260908 0.000229872724752 5.231190958407432 0.269065079945677 89.960398507827463 4.490633463591176
2048 2.219190000000000 0.000164238000000 -1.518741515726804 0.000048588906563 0.756439617151849 0.000072861453128 3.310881025426082 0.164986649155336 7.445004764485517 0.372152332352994
2048 2.199190000000000 0.000164238000000 -1.548222420980964 0.000045813393092 0.786626238357729 0.000054205351166 3.278430420128935 0.146253463905371 4.589500050232195 0.229112413616914
2048 2.229190000000000 0.000195313000000 -1.502678457278718 0.000051270337605 0.737390019238775 0.000089722979807 4.154554484837004 0.194658966813803 12.723291628184551 0.635357668343743
2048 2.209190000000000 0.000164238000000 -1.533894919262784 0.000051186896962 0.772626687268740 0.000068048021320 3.636317685723277 0.181019472808606 6.426510415416058 0.321275522473653
2048 2.239190000000000 0.000164238000000 -1.485320061064375 0.000057207210627 0.713271855654782 0.000122104577100 4.468873197664911 0.213156800040671 20.359184337371474 1.015678928097397
2048 2.189190000000000 0.000164238000000 -1.561970829098152 0.000044786753405 0.798976946912354 0.000049266392002 3.005262173962094 0.156095393005469 3.636509431202194 0.181712298632088
2048 2.179190000000000 0.000164238000000 -1.575042053126215 0.000044978714053 0.809779562105668 0.000044692659410 2.920385208831083 0.159083750248294 2.883357325003272 0.144123670711235
2048 2.169190000000000 0.000164238000000 -1.587500876398061 0.000045545764355 0.819537053534209 0.000044531992772 2.779659089533159 0.142327491698425 2.657295214226120 0.132846787184099
2048 2.249190000000000 0.000164238000000 -1.466381341720966 0.000052414016974 0.681600813904115 0.000135175763854 5.076943206402004 0.243761703592682 33.767979842191572 1.685276896867454
2048 2.259190000000000 0.000164238000000 -1.445481365615035 0.000055422134125 0.636667575557269 0.000214188198616 5.063917287265015 0.252739969224422 75.632976115636097 3.781254174882054
2048 2.199190000000000 0.000195313000000 -1.548373921676808 0.000052610565777 0.786763086938632 0.000064770808218 3.325704411440896 0.187716672657272 5.040763646740740 0.251936456634667
2048 2.219190000000000 0.000195313000000 -1.518828923603669 0.000047551471714 0.756649074980527 0.000074230135874 3.247932058062104 0.161878094794397 7.914792273818281 0.395210331242595
2048 2.229190000000000 0.000232267000000 -1.502941234312984 0.000051935735518 0.737821048885197 0.000090943028337 3.902758976164276 0.196924272826449 11.966798596620187 0.597976631868206
2048 2.239190000000000 0.000195313000000 -1.485464930894677 0.000057373011773 0.713778975997989 0.000121756204606 4.353002904114087 0.239508688429373 19.604504192885553 0.979397340358669
2048 2.209190000000000 0.000195313000000 -1.534063982316463 0.000047247356584 0.772823015283151 0.000064720246866 3.568567847894375 0.184989299479902 6.696058785560948 0.334361417840221
2048 2.189190000000000 0.000195313000000 -1.562059371959879 0.000043731972003 0.799003909213114 0.000049604753271 2.803083318738268 0.143757307088852 3.606487836267882 0.180277117764098
2048 2.179190000000000 0.000195313000000 -1.575037224427439 0.000045005002341 0.809854937146249 0.000048373915523 2.717184713471328 0.146202509870076 3.139207831046212 0.156775249327572
2048 2.259190000000000 0.000195313000000 -1.445670506327150 0.000062173830912 0.638188346635666 0.000216440139727 5.296375462900172 0.299221282390845 64.185823959942070 3.207827951303122
2048 2.169190000000000 0.000195313000000 -1.587666346163113 0.000039457799920 0.819732420338402 0.000036609257933 2.567893894402126 0.125737994483774 2.210513613278823 0.110517809353474
2048 2.249190000000000 0.000195313000000 -1.466609437619150 0.000056466016767 0.682772653506626 0.000152720775549 4.804181726106351 0.230229956960746 35.143204775256102 1.753467327561808
2048 2.219190000000000 0.000232267000000 -1.518953070277789 0.000052715512706 0.756859174027250 0.000080175952035 3.366668200711113 0.158729690575760 7.787744567887398 0.388701311848687
2048 2.199190000000000 0.000232267000000 -1.548510422354711 0.000046034442281 0.786925927950786 0.000055240069322 3.358643806888795 0.166196739189176 4.836226207611847 0.241363606258822
2048 2.229190000000000 0.000276214000000 -1.503080169664895 0.000049901859708 0.738262965497243 0.000089856973097 3.495305237385788 0.182569169556895 11.333269489510350 0.566474494109947
2048 2.239190000000000 0.000232267000000 -1.485678979407689 0.000053993998037 0.714509108186053 0.000108775740330 4.570728125226490 0.223796443357632 18.550623546551634 0.925662137049493
2048 2.209190000000000 0.000232267000000 -1.534120287154838 0.000044210696563 0.773031093796141 0.000059563659936 3.273031130802780 0.165133743866280 5.940981116448956 0.296951295310051
2048 2.189190000000000 0.000232267000000 -1.562124409961208 0.000042111580190 0.799097782553644 0.000046945593251 3.030709983573997 0.149308038432633 3.766439246341444 0.188174530628179
2048 2.179190000000000 0.000232267000000 -1.575216658739684 0.000041269612644 0.809980567982442 0.000043107408572 2.730678644583911 0.132484145115436 2.979295908689096 0.148773798526008
2048 2.249190000000000 0.000232267000000 -1.466923589764213 0.000057993396688 0.683721342086792 0.000156835632910 4.383974596060028 0.242566226439073 32.062724114158470 1.602433026636750
2048 2.259190000000000 0.000232267000000 -1.446261725734077 0.000058561922620 0.641147700172237 0.000196789878685 5.424720854633928 0.264563396696960 61.256511192615712 3.062237402064349
2048 2.219190000000000 0.000276214000000 -1.519151859733611 0.000047153024245 0.757163863803010 0.000070497992209 3.416449990277797 0.166345992660975 7.636765592143903 0.381722621700658
2048 2.169190000000000 0.000232267000000 -1.587657420153263 0.000040687300967 0.819742539642582 0.000038863973795 2.756025460373549 0.128529369928445 2.514547660776621 0.125449620415839
2048 2.229190000000000 0.000328475000000 -1.503372820373253 0.000051149118630 0.738881774977143 0.000087467313482 3.760819467367298 0.182025032619777 10.997595758569426 0.548860979507757
2048 2.199190000000000 0.000276214000000 -1.548729279906691 0.000045553190131 0.787183536372436 0.000056369537852 3.071117739754694 0.147140044284510 4.702705930814972 0.235100092240445
2048 2.239190000000000 0.000276214000000 -1.485969478166087 0.000054966462921 0.715146998514102 0.000110042276838 4.465206457173065 0.227532330773861 17.896376059945080 0.894595978454410
2048 2.209190000000000 0.000276214000000 -1.534309710151607 0.000047267143988 0.773382166995530 0.000060701219696 3.249184173612860 0.165644678565305 5.358588908227132 0.267532866675288
2048 2.189190000000000 0.000276214000000 -1.562325437457269 0.000045675308124 0.799320713009110 0.000051007841259 3.125691944944993 0.154148663926699 3.898136922045858 0.194769946676874
2048 2.259190000000000 0.000276214000000 -1.446860811645130 0.000062659373208 0.643811343768454 0.000208429294204 5.211770482474534 0.283066544501424 57.667444346654499 2.879225685085206
2048 2.179190000000000 0.000276214000000 -1.575333862253868 0.000040718323163 0.810141001544204 0.000041997241969 2.824150571375087 0.138013908159835 3.004343727811402 0.150155519578796
2048 2.229190000000000 0.000390625000000 -1.503706317347135 0.000050254519360 0.739516301986275 0.000085116425958 3.620912558736106 0.183223599657801 10.387105635479429 0.518764676783177
2048 2.249190000000000 0.000276214000000 -1.467295091826744 0.000051130052192 0.685116763718785 0.000130474664471 4.460744275414568 0.225636792008941 29.047397783341282 1.451681292684859
2048 2.219190000000000 0.000328475000000 -1.519517143766185 0.000048405007682 0.757762070023483 0.000071909564214 3.675564912246916 0.195154159206609 8.111792333484422 0.405299453668154
2048 2.169190000000000 0.000276214000000 -1.587877701072865 0.000041388796020 0.819905811369497 0.000039787562783 2.537211474993604 0.124708841173538 2.344691745150970 0.117022275502267
2048 2.199190000000000 0.000328475000000 -1.548820823450953 0.000044717626943 0.787348746010036 0.000054654386041 2.921348838681175 0.144523788594550 4.363911778547643 0.218118954863637
2048 2.239190000000000 0.000328475000000 -1.486289140390001 0.000057057766068 0.716157552452198 0.000110235141541 4.177236444548884 0.225682069706291 15.591922171069152 0.779148184480993
2048 2.209190000000000 0.000328475000000 -1.534589798416711 0.000047574155486 0.773743280240603 0.000063077267636 3.222777141060346 0.157682466294830 5.665442604111044 0.282848682981045
2048 2.189190000000000 0.000328475000000 -1.562422597632876 0.000046520140698 0.799405102089885 0.000051412299671 2.869224843233347 0.150768660595616 3.504423661457724 0.174819502230916
2048 2.259190000000000 0.000328475000000 -1.447439385410901 0.000060418962979 0.646474066809238 0.000194217918512 5.082939548481172 0.268891195040713 52.522694944342035 2.625521195554754
2048 2.169190000000000 0.000328475000000 -1.587921170904044 0.000045354774246 0.819973693757099 0.000043656604150 2.676846046490323 0.156346829715210 2.480146168573804 0.123734817718787
2048 2.229190000000000 0.000464534000000 -1.504104435909077 0.000047909921965 0.740407237428607 0.000083476164380 3.558696548446789 0.183053679152297 10.803513061169236 0.539819189082411
2048 2.219190000000000 0.000390625000000 -1.519640171589246 0.000046492863478 0.758215110111598 0.000069666998069 3.219320576616949 0.162155097701770 7.228460796786241 0.360934018644857
2048 2.249190000000000 0.000328475000000 -1.467706209171298 0.000054914357027 0.686657086350864 0.000136898106012 4.481917808580842 0.227904320546884 27.853960889844807 1.390064056895189
2048 2.199190000000000 0.000390625000000 -1.549062334467489 0.000045018808002 0.787621217347234 0.000058045288178 2.825546851103133 0.143031038494789 4.697301892392876 0.234669706174415
2048 2.179190000000000 0.000328475000000 -1.575475413917216 0.000039749906145 0.810277978756597 0.000040881114330 2.721824116114880 0.137711319229393 2.878944502275362 0.143703180664796
2048 2.239190000000000 0.000390625000000 -1.486657158868305 0.000048727851966 0.716852480654964 0.000096545681309 4.011714613160977 0.184284278552499 15.748572695862803 0.786997992231724
2048 2.209190000000000 0.000390625000000 -1.534729768645609 0.000045942701715 0.773888317785438 0.000062552866607 3.065641260989852 0.147546685933711 5.683066066563796 0.284142733655863
2048 2.259190000000000 0.000390625000000 -1.448202416846315 0.000055670555013 0.650134459367710 0.000170459457593 4.844738507871400 0.240342702306998 45.421496983092439 2.271038149235010
2048 2.189190000000000 0.000390625000000 -1.562699811796754 0.000039959616896 0.799719418708825 0.000042901492506 2.912433575332301 0.136207965389069 3.357053014676894 0.167691136926508
2048 2.249190000000000 0.000390625000000 -1.468319371536277 0.000063858859303 0.688294800401432 0.000144323672879 5.193938195052971 0.285594891684120 26.529533274783503 1.325931322062840
2048 2.219190000000000 0.000464534000000 -1.520038075888137 0.000048482399337 0.758743757585361 0.000071388621919 3.536280404112974 0.179484423224102 7.667194535414943 0.383106477934686
2048 2.229190000000000 0.000552427000000 -1.504590474701711 0.000049663070625 0.741282472265774 0.000082252756539 3.847108945650983 0.185992931744729 10.552813715143561 0.527260436968718
2048 2.179190000000000 0.000390625000000 -1.575712921355456 0.000044954764739 0.810486388239921 0.000046845312657 2.769467412897010 0.137549448993054 3.007302287853888 0.150294329836964
2048 2.169190000000000 0.000390625000000 -1.588143804837391 0.000042381585433 0.820182847018217 0.000039434709649 2.761110818492032 0.146532447343432 2.390488917833794 0.119484124640796
2048 2.199190000000000 0.000464534000000 -1.549287336442548 0.000046801145148 0.787945869159821 0.000055131366157 3.283467016203603 0.164304997722229 4.556351364789371 0.227459218353648
2048 2.239190000000000 0.000464534000000 -1.487185558367014 0.000056989810602 0.718064151826453 0.000108991308483 4.447139603613656 0.234207128290977 16.265599272208515 0.812438504291237
2048 2.209190000000000 0.000464534000000 -1.535087086395737 0.000044887842002 0.774387510531501 0.000059802891768 3.175136367785827 0.143346018166156 5.635718572488272 0.281610096117240
2048 2.259190000000000 0.000464534000000 -1.448932608416153 0.000055642702317 0.653141459857716 0.000167791721706 4.880128581848916 0.282182351189687 44.376791454447641 2.217120244853471
2048 2.229190000000000 0.000656950000000 -1.505148192118446 0.000051639275619 0.742277197357094 0.000085432276607 3.677706573678578 0.181402497069138 10.066088685417037 0.502617542978830
2048 2.199190000000000 0.000552427000000 -1.549627023914285 0.000051111820179 0.788334698067571 0.000059679936832 3.308323168285533 0.173243993195428 4.510471484209677 0.225483822190200
2048 2.249190000000000 0.000464534000000 -1.468891501437596 0.000056738603163 0.690236562345458 0.000132471203147 4.682584712286171 0.236775323158632 25.525327609056554 1.275770678708543
2048 2.219190000000000 0.000552427000000 -1.520351134130440 0.000047636138100 0.759312494861436 0.000069354351465 3.332418432076187 0.173344863265205 7.063726356287364 0.353114627051497
2048 2.179190000000000 0.000464534000000 -1.575893652678279 0.000044755388246 0.810682455044552 0.000045726752955 2.806640865906220 0.143600010460033 2.929792839759175 0.146355278753910
2048 2.169190000000000 0.000464534000000 -1.588365810397215 0.000043886662099 0.820338028532242 0.000041029718975 2.748424266893856 0.143771675294730 2.402236478180030 0.120111693123415
2048 2.189190000000000 0.000464534000000 -1.562916666726870 0.000038335985108 0.799946489404599 0.000041927298994 2.663672583719235 0.126219780457713 3.186114333984770 0.159300397513290
2048 2.239190000000000 0.000552427000000 -1.487660139599262 0.000049905682166 0.719357065848058 0.000095535859928 4.133354679628261 0.196575903247755 15.147310037718839 0.756904060624025
2048 2.209190000000000 0.000552427000000 -1.535423342188719 0.000044449026940 0.774818501662258 0.000058761608159 3.012082738137169 0.139464269145759 5.264167830569793 0.262579079684865
2048 2.259190000000000 0.000552427000000 -1.449767871548972 0.000058344474831 0.656674850761117 0.000160118167241 4.859962939025655 0.256969080965939 36.602833657271439 1.827481027934993
2048 2.229190000000000 0.000781250000000 -1.505706738559451 0.000052207934392 0.743344310361541 0.000083458385381 3.574527296735560 0.181803622329058 9.134516263766990 0.456529026358228
2048 2.199190000000000 0.000656950000000 -1.550029644420878 0.000047469811014 0.788804877188899 0.000057602964439 3.193162142769958 0.158788522143192 4.701924321396490 0.234927304800217
2048 2.249190000000000 0.000552427000000 -1.469462111450558 0.000056097109935 0.691978246704434 0.000132958169196 4.301487945386535 0.215059854588122 24.163942186737426 1.208101445582943
2048 2.179190000000000 0.000552427000000 -1.576147624737346 0.000044610266796 0.810956252533045 0.000045803006291 2.700371809040124 0.137532383448071 2.846701250939941 0.142277356462929
2048 2.219190000000000 0.000656950000000 -1.520793401476148 0.000047920602960 0.760088129449906 0.000069493825143 3.459141176852982 0.155645104284405 7.274718180746204 0.363246801126935
2048 2.189190000000000 0.000552427000000 -1.563222575903091 0.000045560013925 0.800276826052058 0.000050840961076 2.958810020031867 0.148851465015681 3.684485806438574 0.184066390367793
2048 2.169190000000000 0.000552427000000 -1.588631679100643 0.000043476208009 0.820596993896012 0.000041197409144 2.817863845328506 0.147870603556036 2.530209594561029 0.126394242191740
2048 2.239190000000000 0.000656950000000 -1.488249442957153 0.000051841002000 0.720858101917402 0.000099880878097 3.961781003773810 0.168379811285102 14.706468415504398 0.734154208837987
2048 2.209190000000000 0.000656950000000 -1.535779581786182 0.000048130461141 0.775397801212481 0.000062673496588 3.364560302188419 0.177597661052667 5.705006201709226 0.285116065836851
2048 2.249190000000000 0.000656950000000 -1.470289004420196 0.000058684228313 0.694437511674651 0.000130651905988 4.668861249582323 0.264315116766435 23.141935081947381 1.156605676953745
2048 2.229190000000000 0.000929068000000 -1.506508869477674 0.000047754499891 0.744784391043362 0.000074423974105 3.930401298969401 0.168223194791616 9.546276425154092 0.476628524816038
2048 2.219190000000000 0.000781250000000 -1.521595894901522 0.000050484694313 0.761183181448603 0.000072371797337 3.622452674308956 0.195049346222724 7.444267579603498 0.371554224528947
2048 2.199190000000000 0.000781250000000 -1.550483236188148 0.000046537036431 0.789376643774273 0.000055028649259 3.188687058162696 0.154394836003854 4.458534774438846 0.222628877651164
2048 2.259190000000000 0.000656950000000 -1.450779188993458 0.000051376791083 0.660618660287479 0.000134903689261 4.812298810252386 0.210412516110246 33.179228903621542 1.658285112639255
2048 2.179190000000000 0.000656950000000 -1.576441267590236 0.000043615605885 0.811167712045055 0.000043231054085 2.826610235839380 0.141592186013115 2.776986429050657 0.138780966516567
2048 2.169190000000000 0.000656950000000 -1.588865972658182 0.000042006333841 0.820734636604863 0.000039196452505 2.681726083356669 0.137612551227008 2.334954286964457 0.116743094612740
2048 2.239190000000000 0.000781250000000 -1.489000253508229 0.000048170236740 0.722513653451088 0.000091122807224 4.003005163475184 0.197175237576846 14.324608790077860 0.716216801575278
2048 2.209190000000000 0.000781250000000 -1.536319774413373 0.000046310841285 0.776133904812540 0.000062193695828 2.891016202029804 0.152356902421604 5.214082700508920 0.260574383897017
2048 2.189190000000000 0.000656950000000 -1.563479138604720 0.000038681538804 0.800581686198713 0.000040969119470 2.932645496312992 0.130663916259944 3.289768535794874 0.164332871855252
2048 2.259190000000000 0.000781250000000 -1.452028968057003 0.000060738308701 0.664920673575453 0.000146787756071 5.088869927874457 0.264674175427884 29.721835376142938 1.484890986916418
2048 2.229190000000000 0.001104850000000 -1.507320861125223 0.000051155269332 0.746252287396733 0.000080686086588 3.958672902365934 0.194513907516658 9.848411148526608 0.491895804555406
2048 2.179190000000000 0.000781250000000 -1.576772135682653 0.000045830832697 0.811497206280319 0.000045626928191 2.975487413961131 0.157104298990384 2.949070017850734 0.147364146638575
2048 2.219190000000000 0.000929068000000 -1.522070715478624 0.000045802571172 0.761998965763128 0.000064734649971 3.294929738740788 0.165276392229732 6.581729808294206 0.328902389653607
2048 2.249190000000000 0.000781250000000 -1.471233809836033 0.000052349872541 0.697016022318886 0.000111427926173 4.287725546004602 0.222401969920657 19.426019351869851 0.970412685703892
2048 2.199190000000000 0.000929068000000 -1.551010400020228 0.000041017520118 0.789951794420045 0.000048754020261 2.887875468413041 0.138922458912391 4.080003437107477 0.203887778255334
2048 2.169190000000000 0.000781250000000 -1.589245081161948 0.000041779112713 0.821068406440842 0.000039309703006 2.392913340448933 0.121104126092749 2.118400505495174 0.105843619502204
2048 2.239190000000000 0.000929068000000 -1.489831037594779 0.000051769152552 0.724321218132973 0.000088673904188 4.011047910158172 0.191222255725439 11.768128406566133 0.588229546791252
2048 2.209190000000000 0.000929068000000 -1.536914766961538 0.000045854058680 0.776915854861401 0.000059001776319 3.201524052922211 0.159085562099693 5.300677448396592 0.265024454511618
2048 2.189190000000000 0.000781250000000 -1.563939844578133 0.000044609181865 0.801030545570831 0.000046154738896 2.916663996848570 0.149441959239089 3.122270178195109 0.155832995821672
2048 2.229190000000000 0.001313900000000 -1.508357660692633 0.000055386587228 0.747985529938239 0.000081512954094 3.555516860543409 0.177784608753400 7.700994191037655 0.384608104663994
2048 2.259190000000000 0.000929068000000 -1.453257190771597 0.000059109937668 0.669121635806176 0.000139425643574 5.020755943336191 0.236698998690822 27.934018980884229 1.394824097312735
2048 2.219190000000000 0.001104850000000 -1.522853884404868 0.000050393504664 0.763208105496550 0.000068931076928 3.551781683539392 0.197727932267202 6.645493918239689 0.331686400687186
2048 2.179190000000000 0.000929068000000 -1.577242750427544 0.000044714114423 0.811957003984898 0.000045148250401 2.789922128397630 0.155259385521123 2.844360664211863 0.142200986189094
2048 2.249190000000000 0.000929068000000 -1.472203575214050 0.000050916648063 0.699560384143073 0.000109362937725 4.094838538730833 0.179722173050433 18.891111293621865 0.944411984509250
2048 2.239190000000000 0.001104850000000 -1.490824279509552 0.000049264081899 0.726553675006418 0.000084988978161 3.704992681964648 0.188442199682863 11.026858020715951 0.550316456704149
2048 2.199190000000000 0.001104850000000 -1.551600525448074 0.000041826365157 0.790616022307297 0.000048695053279 2.899460377772111 0.140058872794853 3.929946332692517 0.196132602918159
2048 2.169190000000000 0.000929068000000 -1.589624483351726 0.000040703833422 0.821392858523904 0.000038956273109 2.617308961124228 0.124914684476385 2.397392659246842 0.119725690147126
2048 2.209190000000000 0.001104850000000 -1.537604602992223 0.000050359094539 0.777835411964231 0.000065395812353 3.370394222237838 0.166105778497255 5.683616336858047 0.283964012818277
2048 2.189190000000000 0.000929068000000 -1.564421634267886 0.000043544649494 0.801532963007418 0.000047343116411 2.790019683415407 0.142553728242538 3.298005334996286 0.164858260830438
2048 2.229190000000000 0.001562500000000 -1.509372387215627 0.000050983440941 0.749757627415994 0.000073790494471 3.795183910479806 0.184756430659739 7.950151062014620 0.397467084906342
2048 2.179190000000000 0.001104850000000 -1.577863489508379 0.000043213219005 0.812464466849584 0.000042014348497 2.630928985063064 0.139591438781665 2.486973486410311 0.124277451696598
2048 2.259190000000000 0.001104850000000 -1.454674687198361 0.000052022028617 0.673568843871123 0.000122583759759 4.531982794672941 0.219751267877359 25.163993249057373 1.256604898924493
2048 2.219190000000000 0.001313900000000 -1.523692079973187 0.000047105079020 0.764470424047962 0.000060573217369 3.703067212548471 0.170447206188989 6.123326337673322 0.305759145856535
2048 2.239190000000000 0.001313900000000 -1.492057533333810 0.000050725494481 0.728748473505820 0.000086942324027 3.730460947792487 0.191796077154564 10.959037406935421 0.547743655530972
2048 2.249190000000000 0.001104850000000 -1.473448581635493 0.000054649638744 0.702803411345553 0.000105254907502 4.221604626996833 0.221919596898989 15.659852753072775 0.782615539158134
2048 2.199190000000000 0.001313900000000 -1.552318173189138 0.000047515419218 0.791482918365029 0.000055451940488 3.199300964462408 0.155300505237534 4.357320077596390 0.217651545327882
2048 2.169190000000000 0.001104850000000 -1.590192156485535 0.000042059630403 0.821885522415764 0.000039327292956 2.596181141350805 0.134212007609812 2.269824051158137 0.113453622835941
2048 2.209190000000000 0.001313900000000 -1.538341970784479 0.000042969888135 0.778711573138052 0.000053177315870 3.074361093465098 0.157092832855339 4.708464000157579 0.235158290424710
2048 2.229190000000000 0.001858140000000 -1.510820433230359 0.000048628454032 0.752040205184064 0.000069007974970 3.488267703462308 0.165788959328453 7.024694595508603 0.351169023128680
2048 2.189190000000000 0.001104850000000 -1.564960072973106 0.000041343991142 0.802100481080614 0.000043647802289 2.770585837247187 0.138396035014334 3.087959351424712 0.154251783939419
2048 2.179190000000000 0.001313900000000 -1.578412055551970 0.000045139334287 0.812944916084873 0.000044500049631 2.764803203077321 0.131044838431317 2.687044847497278 0.134315204678582
2048 2.219190000000000 0.001562500000000 -1.524699869878406 0.000053382025686 0.765871248639769 0.000067492009865 3.770105971835170 0.196297907108784 6.026541902128433 0.301155182129691
2048 2.239190000000000 0.001562500000000 -1.493264336070872 0.000052207047353 0.731375034913322 0.000082736167375 3.849448980696883 0.206823391436064 9.667876690583356 0.482871895362169
2048 2.249190000000000 0.001313900000000 -1.474737515862457 0.000056423648580 0.706056876725788 0.000103741449177 4.684174826361161 0.232910225463183 15.834902173782297 0.790564518186346
2048 2.199190000000000 0.001562500000000 -1.553211678813553 0.000046857001446 0.792453394023650 0.000051312475685 3.190811215916210 0.155643438022067 3.826467783945200 0.191147291941293
2048 2.259190000000000 0.001313900000000 -1.456316097785981 0.000052141803606 0.678483512828020 0.000111898175944 4.961725848642844 0.242265666077984 22.851077313193731 1.142193148710196
2048 2.169190000000000 0.001313900000000 -1.590718482541931 0.000040782809364 0.822328894830519 0.000036560638602 2.489187149083458 0.129585046780650 2.000464355486872 0.099859753877136
2048 2.209190000000000 0.001562500000000 -1.539175801047796 0.000048957139523 0.779905933789406 0.000059858022182 3.303661378762013 0.174760459236090 4.938649241934129 0.246839648735545
2048 2.229190000000000 0.002209710000000 -1.512336530539519 0.000048088847592 0.754289966038982 0.000067571982936 3.441739858059919 0.181165204401376 6.795518973190426 0.339747559794444
2048 2.189190000000000 0.001313900000000 -1.565584954957151 0.000043689049700 0.802778454442179 0.000045154502630 2.830496395573953 0.138486459868355 3.023566574279120 0.151088932359209
2048 2.219190000000000 0.001858140000000 -1.525905591787684 0.000049882546207 0.767432335691532 0.000063237816066 3.371955236028259 0.179629629373601 5.419238936128756 0.270554318581228
2048 2.239190000000000 0.001858140000000 -1.494800091339357 0.000051282399093 0.734067157462791 0.000079787949811 3.719226080393044 0.187495968629375 9.003067824681395 0.449775375349910
2048 2.179190000000000 0.001562500000000 -1.579085361324710 0.000041615220922 0.813526737542800 0.000040297319543 2.696607498916081 0.130432342273076 2.528515656820826 0.126258861181790
2048 2.199190000000000 0.001858140000000 -1.554157787576128 0.000046380412537 0.793509564012741 0.000049797145906 2.978536919914543 0.164476137265027 3.433544477511856 0.171649828477960
2048 2.249190000000000 0.001562500000000 -1.476286368891070 0.000052595026021 0.709498002707401 0.000094332270379 4.410514193433613 0.217205977142899 14.187976145886076 0.709247279883084
2048 2.259190000000000 0.001562500000000 -1.458138484852438 0.000050962283031 0.683515223328042 0.000105376084576 3.987589172487279 0.189143789938002 17.048916052416061 0.851657996765559
2048 2.229190000000000 0.002627800000000 -1.514121629885387 0.000048965545960 0.756972595366980 0.000065787232840 3.049584817291212 0.160326866255166 5.504815315249003 0.275202363543750
2048 2.169190000000000 0.001562500000000 -1.591422134164446 0.000039823419843 0.822831106767422 0.000036738772719 2.511442952013534 0.122990426465436 2.137447721424532 0.106740202549899
2048 2.209190000000000 0.001858140000000 -1.540397877891283 0.000043150751695 0.781285747885705 0.000051814740590 3.050804391360136 0.136533002352348 4.398902012965523 0.219845832369213
2048 2.189190000000000 0.001562500000000 -1.566392288082372 0.000045265196010 0.803491768805810 0.000046777319649 2.999152976266676 0.157170146085313 3.202878569149995 0.159935628049524
2048 2.219190000000000 0.002209710000000 -1.527272642009696 0.000044993122044 0.769399339718712 0.000056850241051 3.064715700289115 0.148366181413743 4.892857358129474 0.244625275090657
2048 2.239190000000000 0.002209710000000 -1.496611666738556 0.000047250465316 0.737166979716553 0.000071571633646 3.429217177603198 0.167624844085577 7.868005802484986 0.393271968822886
2048 2.179190000000000 0.001858140000000 -1.580017230936936 0.000041595680688 0.814392185931841 0.000040233641309 2.640793643316159 0.131582378577149 2.470680992694747 0.123403893453989
2048 2.199190000000000 0.002209710000000 -1.555232716183178 0.000045029058722 0.794674685469530 0.000048227176934 2.969915615951212 0.155515104009213 3.406764032603371 0.170153549910660
2048 2.249190000000000 0.001858140000000 -1.478074252599061 0.000060154130449 0.713411535111779 0.000105206917822 4.332112191343202 0.241650267311604 13.251266363810245 0.662044074191813
2048 2.229190000000000 0.003125000000000 -1.516178771550442 0.000047741518535 0.759882245555229 0.000063479731316 3.074853518588828 0.176482510439132 5.436283962667817 0.271373640144149
2048 2.169190000000000 0.001858140000000 -1.592153074479904 0.000045179123592 0.823395594319990 0.000038146181857 3.054772523410844 0.159112488310424 2.177736957370706 0.108843186307925
2048 2.209190000000000 0.002209710000000 -1.541588958878524 0.000045325694948 0.782681008051468 0.000053376169532 3.011154777141326 0.150729119818778 4.175792830217542 0.208396728364645
2048 2.259190000000000 0.001858140000000 -1.460180715318074 0.000050467351114 0.688668181131793 0.000101902062861 3.962526568380241 0.194737747122041 16.155377767036704 0.807515551499153
2048 2.219190000000000 0.002627800000000 -1.528957736503167 0.000049238312604 0.771520248298482 0.000060557988506 3.198358657057174 0.191422102505169 4.837976148251533 0.241529983534290
2048 2.189190000000000 0.001858140000000 -1.567352322469561 0.000040296390686 0.804398441201702 0.000041262992950 2.622625747411700 0.128775800466875 2.749954289547133 0.137386201948579
2048 2.239190000000000 0.002627800000000 -1.498525273073466 0.000047336190797 0.740472425554247 0.000068831718704 3.508826139165488 0.177159594671877 7.419121165735461 0.370679924132765
2048 2.249190000000000 0.002209710000000 -1.480083183718228 0.000055122835493 0.717423128152823 0.000092427758654 4.357357560932135 0.205509455620850 12.250813932116882 0.612148859252854
2048 2.179190000000000 0.002209710000000 -1.581039505748210 0.000040161287396 0.815261295545615 0.000038751066375 2.657380989889430 0.129211569375086 2.474035279464090 0.123579773939644
2048 2.229190000000000 0.003716270000000 -1.518528604865945 0.000047450448464 0.762985852653533 0.000058813640369 3.143383480571999 0.156807681217656 4.829173924415850 0.241389998527440
2048 2.199190000000000 0.002627800000000 -1.556655519164066 0.000042791253370 0.796067592312146 0.000046399191748 3.017316791474719 0.142502519426251 3.547576144766559 0.177104139530241
2048 2.259190000000000 0.002209710000000 -1.462510690962408 0.000060654546763 0.694186269083331 0.000121145837075 4.227898185660099 0.240431641766772 16.866104499138164 0.841824665456075
2048 2.169190000000000 0.002209710000000 -1.593158483667326 0.000041544527083 0.824187923921616 0.000038956164821 2.255987277174665 0.121032071605644 1.983633326552646 0.099108554447729
2048 2.209190000000000 0.002627800000000 -1.543089617953618 0.000049288075643 0.784414765130669 0.000053903625998 3.556026089216205 0.181729971216651 4.253213411859796 0.212191899642765
2048 2.219190000000000 0.003125000000000 -1.530783448414815 0.000050285201065 0.773779386951590 0.000060969184206 3.440949479373861 0.175497427709736 5.058464218519725 0.252590841142111
2048 2.249190000000000 0.002627800000000 -1.482240369659898 0.000054930392037 0.721758207361749 0.000086146334529 3.961246030192241 0.202646732278145 9.742715623067278 0.486633997038255
2048 2.189190000000000 0.002209710000000 -1.568403168901101 0.000043013934245 0.805507587780852 0.000043462300819 3.066273503424219 0.156835669797507 3.130530815951480 0.156518573596470
2048 2.239190000000000 0.003125000000000 -1.500762570042604 0.000045324994407 0.743944312481071 0.000067231116542 3.147732228603285 0.144058308207325 6.925687796537765 0.346043638923372
2048 2.179190000000000 0.002627800000000 -1.582182337768446 0.000043717701679 0.816240862934265 0.000041428821978 2.670644445813537 0.125713635953405 2.398317060049271 0.119737328171013
2048 2.229190000000000 0.004419420000000 -1.521367668743542 0.000046756777778 0.766466057874302 0.000056618618143 3.072717040312629 0.152090131028081 4.505592927817180 0.225080867561499
2048 2.259190000000000 0.002627800000000 -1.465156675951816 0.000056617751794 0.700072057658228 0.000100688048469 4.308746604283831 0.214361800100208 13.627040940573488 0.681023071505883
2048 2.199190000000000 0.003125000000000 -1.558312460270040 0.000042953754611 0.797721094710607 0.000043792848552 2.998050961598348 0.151406507623454 3.116327827938656 0.155784487454291
2048 2.169190000000000 0.002627800000000 -1.594231351736830 0.000041548656722 0.825029708721020 0.000038382593013 2.520131701885223 0.133904904218113 2.150690340895055 0.107474332379346
2048 2.209190000000000 0.003125000000000 -1.544841849275054 0.000044857715296 0.786401814571205 0.000049347632970 3.063906476402291 0.160419127136014 3.707949887560475 0.185342860455619
2048 2.219190000000000 0.003716270000000 -1.533021169572156 0.000046716992402 0.776416089515584 0.000053834806013 3.073062844055842 0.156274116910212 4.080825229682032 0.203831700988578
2048 2.249190000000000 0.003125000000000 -1.484829220646304 0.000056156911922 0.726339744470197 0.000085712050331 4.128357595070181 0.223212855835495 9.617332715425730 0.480684676804158
2048 2.239190000000000 0.003716270000000 -1.503464149575750 0.000050863643793 0.747961673123097 0.000064334559722 3.309821712544247 0.165495857286827 5.295150749529864 0.264427137302911
2048 2.179190000000000 0.003125000000000 -1.583651022907918 0.000047298677608 0.817442468285923 0.000042433634345 2.846192463219268 0.149198522422041 2.290797635561562 0.114374568561570
2048 2.229190000000000 0.005255600000000 -1.524228343231038 0.000047204674845 0.769932216606282 0.000052616442210 3.362460627313181 0.169624527746119 4.177631647112251 0.208818562458626
2048 2.189190000000000 0.002627800000000 -1.569658087450021 0.000044414792601 0.806586342716450 0.000044014431867 3.102950753517173 0.143785999819131 3.047262076637050 0.152316273373158
2048 2.259190000000000 0.003125000000000 -1.467953491775378 0.000055547745672 0.705919598744921 0.000095300334256 4.153153959726642 0.225562784476011 12.224581545908771 0.611209137956522
2048 2.169190000000000 0.003125000000000 -1.595593603025467 0.000040972370161 0.826043335285062 0.000037226357713 2.479920992009875 0.120153523419712 2.047183450104703 0.102317645396209
2048 2.199190000000000 0.003716270000000 -1.560110917918247 0.000042106604899 0.799477585026476 0.000042819875110 2.884341204287671 0.138340834231672 2.982888201197665 0.149144309440354
2048 2.219190000000000 0.004419420000000 -1.535372267512044 0.000046776740401 0.779071763884252 0.000052269999294 3.134689532202469 0.160911556970444 3.914169350883979 0.195707690900164
2048 2.239190000000000 0.004419420000000 -1.506400351134521 0.000054166109890 0.752037970026644 0.000069320786166 3.517257995921360 0.195796899280803 5.760708388265923 0.287955649961732
2048 2.249190000000000 0.003716270000000 -1.487679292703509 0.000052536491008 0.731094586588170 0.000079105348542 3.520561917542429 0.168518202793686 7.981813190666288 0.398506006840749
2048 2.209190000000000 0.003716270000000 -1.546760729263881 0.000041744123580 0.788439791357151 0.000045492750772 2.904771980506469 0.143579236755228 3.449893967963988 0.172185387921588
2048 2.179190000000000 0.003716270000000 -1.585176204125188 0.000045398934078 0.818661477969918 0.000039307645136 3.014877786425208 0.151027484763575 2.260124967036506 0.112887146504750
2048 2.229190000000000 0.006250000000000 -1.527934611805261 0.000041953197591 0.773954075545512 0.000047565607486 2.685739012338094 0.131093087514712 3.452389349065849 0.172342605237542
2048 2.169190000000000 0.003716270000000 -1.597096841572934 0.000043249091908 0.827154367019293 0.000037085309354 2.448527386125319 0.125829652551598 1.800341082380316 0.090013889370169
2048 2.189190000000000 0.003125000000000 -1.571170022460646 0.000042416833664 0.807961849385438 0.000041361462465 2.964499575267426 0.141673816187947 2.818815640841790 0.140679706824526
2048 2.219190000000000 0.005255600000000 -1.538298699983981 0.000050372968317 0.782285623176697 0.000053743702063 3.299506152258851 0.173514026344385 3.755856699932455 0.187539358315739
2048 2.199190000000000 0.004419420000000 -1.562284091343544 0.000045678872253 0.801464300414724 0.000044628226294 3.072169685074146 0.143779004094995 2.932470865445580 0.146605060888657
2048 2.239190000000000 0.005255600000000 -1.509806359128975 0.000050053780541 0.756544926659287 0.000058746162382 3.651088212647840 0.165604051117477 5.029300187500271 0.251433032130423
2048 2.249190000000000 0.004419420000000 -1.491018883001048 0.000047969132210 0.736349439738132 0.000067766027366 3.488574725537274 0.177740139361318 6.962229897917167 0.348055317800382
2048 2.259190000000000 0.003716270000000 -1.471209547334949 0.000047086973519 0.712107656451800 0.000075972431160 4.054571215005835 0.201180532396309 10.554931682647293 0.527351731042693
2048 2.209190000000000 0.004419420000000 -1.549081671340061 0.000040548584774 0.790774736499681 0.000042245268270 2.809446378473593 0.137157210479202 3.049477898211562 0.152302142618716
2048 2.229190000000000 0.007432540000000 -1.531857489277048 0.000045818928636 0.778069235519176 0.000048312009582 2.836136458705045 0.145815582088039 3.153170596929303 0.157638940690661
2048 2.179190000000000 0.004419420000000 -1.587113509300876 0.000039542758609 0.820101837596984 0.000036672406810 2.561110369506066 0.122082477843720 2.202790499192209 0.110090334449833
2048 2.219190000000000 0.006250000000000 -1.541616020638043 0.000046988956056 0.785667067047552 0.000048958835045 2.937850352395484 0.146682170398391 3.189335653204350 0.159273108079560
2048 2.249190000000000 0.005255600000000 -1.494687761422314 0.000053630328996 0.741663424265868 0.000070172912213 3.706233099668296 0.192693252298764 6.345280257846854 0.316676659580923
2048 2.169190000000000 0.004419420000000 -1.598907799739053 0.000041479805372 0.828456272450529 0.000034019784749 2.571669918229395 0.130741521699925 1.729835986494658 0.086488530432110
2048 2.189190000000000 0.003716270000000 -1.572912103250027 0.000042364557589 0.809435007487959 0.000039640344083 2.819652915444985 0.141107009561094 2.468681897590809 0.123315732431635
2048 2.199190000000000 0.005255600000000 -1.564802125866293 0.000043117756964 0.803684408872298 0.000041836553902 2.684141164836247 0.132427581401182 2.526997664941821 0.126039253713770
2048 2.259190000000000 0.004419420000000 -1.474742458591350 0.000051249841504 0.718280906606863 0.000077837342212 3.959571868476061 0.196099078076028 9.133540808240202 0.456675146868101
2048 2.239190000000000 0.006250000000000 -1.513569679325171 0.000046421340480 0.761190315284351 0.000054063214815 3.257450670698244 0.162250176855733 4.418208709326521 0.220545304786336
2048 2.209190000000000 0.005255600000000 -1.551792383064299 0.000043563056342 0.793454277544416 0.000045043471443 2.958057942302821 0.148945821430476 3.162523055833572 0.158002507143474
2048 2.229190000000000 0.008838830000000 -1.536537539959389 0.000043076616529 0.782709947086516 0.000043987040025 2.929260177472817 0.141839114493419 3.054388360829960 0.152607328554688
2048 2.179190000000000 0.005255600000000 -1.589395341140886 0.000041506915226 0.821838915274376 0.000036247321236 2.679273719003292 0.143485181157369 2.043280552153108 0.102159698257335
2048 2.249190000000000 0.006250000000000 -1.498685727502397 0.000049331188767 0.747024845007542 0.000061162961447 3.435364332644209 0.165501636605263 5.280884279193896 0.263911117873333
2048 2.199190000000000 0.006250000000000 -1.567744614530661 0.000048300103124 0.806209810125003 0.000045386368282 2.825315771779060 0.150920795980702 2.494719625234190 0.124556087435531
2048 2.219190000000000 0.007432540000000 -1.545442997351205 0.000042004993622 0.789246601394460 0.000040375640364 2.894589545685746 0.135247944573781 2.674385382149901 0.133695035343866
2048 2.259190000000000 0.005255600000000 -1.478845143477486 0.000049110010483 0.724941643590917 0.000068293595731 3.680603364562373 0.176410126332916 7.117687620972545 0.355425999956184
2048 2.189190000000000 0.004419420000000 -1.574989690031455 0.000043760991839 0.811227711272270 0.000039912812866 2.905868411218524 0.140487386360086 2.417276345872661 0.120746136017126
2048 2.239190000000000 0.007432540000000 -1.517972492116617 0.000046730340066 0.766138595313275 0.000050125688703 3.317322511250246 0.154851952705467 3.816897682459121 0.190713475977445
2048 2.169190000000000 0.005255600000000 -1.601074558153381 0.000040360855732 0.829913279920253 0.000032573539079 2.667880989814657 0.132138761824671 1.737703255578225 0.086835379148518
2048 2.209190000000000 0.006250000000000 -1.554865210189504 0.000042606091504 0.796259987687266 0.000042148086175 3.081113850104670 0.144033947983994 3.015227416457177 0.150588896770524
2048 2.179190000000000 0.006250000000000 -1.592067430974678 0.000044436129002 0.823711451148697 0.000037997875983 2.493107954983984 0.133106786151159 1.823002602244063 0.091109735503279
2048 2.229190000000000 0.010511200000000 -1.541794868274151 0.000044350804109 0.787471017938981 0.000043098493216 2.779430071700115 0.144799776943515 2.624683428205339 0.131088457487693
2048 2.219190000000000 0.008838830000000 -1.549788871532106 0.000048841513709 0.793184825243093 0.000046837187242 2.808870358074244 0.159237787695408 2.583063464541919 0.128924659594978
2048 2.249190000000000 0.007432540000000 -1.503381595741014 0.000045655213201 0.752939746201594 0.000053607975888 3.323384773547106 0.178508281530834 4.582038084253454 0.228883696623644
2048 2.199190000000000 0.007432540000000 -1.571056345296170 0.000042157262199 0.808888743972323 0.000038096835025 2.840442283400529 0.139640422124495 2.319631328887141 0.115727875259886
2048 2.259190000000000 0.006250000000000 -1.483358257967806 0.000047999853420 0.731698075701644 0.000063417880545 3.712843939157995 0.175007883170250 6.481123840512415 0.324047357435062
2048 2.239190000000000 0.008838830000000 -1.522812980089406 0.000046850405546 0.771310840376947 0.000049205340691 3.272719133646844 0.160968560037901 3.609994271073679 0.180298958101489
2048 2.189190000000000 0.005255600000000 -1.577185863064548 0.000042950538001 0.813061462607897 0.000037999313425 2.816903612440559 0.140329009280121 2.204886660383730 0.110053778017299
2048 2.169190000000000 0.006250000000000 -1.603512595184709 0.000038923110382 0.831535623358132 0.000031251963781 2.525135296271110 0.123948403829069 1.627886799140164 0.081303362983042
2048 2.209190000000000 0.007432540000000 -1.558461467753359 0.000043676198024 0.799460546746439 0.000041713741362 2.618513311044361 0.132988233439075 2.388489966763086 0.119379600069885
2048 2.229190000000000 0.012500000000000 -1.547702178312825 0.000047832341391 0.792479021604671 0.000043034666845 3.327634302616008 0.169058303401233 2.693575807563327 0.134419128189045
2048 2.179190000000000 0.007432540000000 -1.595106417839643 0.000039011654758 0.825890160476876 0.000032606883157 2.566005942591135 0.121650736155823 1.792616906069454 0.089540510986093
2048 2.249190000000000 0.008838830000000 -1.508686041302274 0.000048544352728 0.759069431228126 0.000053269216416 3.269520958816144 0.163016125824620 3.936944686230847 0.196706584950532
2048 2.219190000000000 0.010511200000000 -1.554675293075314 0.000042139546910 0.797333977891785 0.000038336944578 2.889670289598340 0.145379288194952 2.391682706923992 0.119459237172319
2048 2.199190000000000 0.008838830000000 -1.574954525091516 0.000044530979800 0.811891568706882 0.000038313514964 2.927268874800587 0.140998731946732 2.166916153515408 0.108183805982797
2048 2.239190000000000 0.010511200000000 -1.528490967000632 0.000045842904030 0.776913602247377 0.000045944911667 2.952395023276724 0.152411424915466 2.965548723625706 0.147977962428945
2048 2.259190000000000 0.007432540000000 -1.488457334542133 0.000046172972705 0.738658619498064 0.000056538288713 3.301025434103446 0.161663854695151 4.949467953758646 0.247451489084536
2048 2.169190000000000 0.007432540000000 -1.606567910895371 0.000037882343849 0.833520142000113 0.000030192265015 2.228186505543921 0.111928045808042 1.415367587960577 0.070695011122202
2048 2.189190000000000 0.006250000000000 -1.580074932708624 0.000043238535428 0.815288842881020 0.000037832599446 2.765258268312865 0.145814378118747 2.117025620457331 0.105682535352520
2048 2.209190000000000 0.008838830000000 -1.562556452095464 0.000042693169024 0.802843674185311 0.000039726333259 2.723443398925128 0.135826404669146 2.358079980835827 0.117797764247682
2048 2.229190000000000 0.014865100000000 -1.554508301164281 0.000046326380811 0.797813470277672 0.000039331972414 3.020446599561912 0.160582576466882 2.177237811992245 0.108646094669947
2048 2.219190000000000 0.012500000000000 -1.560364164572923 0.000046825573065 0.801771243786401 0.000041601135930 2.643944282781503 0.149598384818407 2.086875186556460 0.104321435007906
2048 2.249190000000000 0.010511200000000 -1.514567142271133 0.000046708589174 0.765298167324183 0.000048181968921 3.287294558179250 0.161010739947510 3.497954916373998 0.174761518678011
2048 2.199190000000000 0.010511200000000 -1.579434316343737 0.000045601971426 0.815160932800119 0.000037963890285 2.768342444547600 0.145148807834885 1.918642208857209 0.095750588996467
2048 2.179190000000000 0.008838830000000 -1.598572129060189 0.000038610924885 0.828153621040836 0.000031844347736 2.401655299679221 0.123257842535974 1.633634816685389 0.081628551726481
2048 2.239190000000000 0.012500000000000 -1.534671407533234 0.000045841337932 0.782514485792218 0.000043508575864 2.952193305692192 0.145100849575956 2.659377305018773 0.132686677562582
2048 2.259190000000000 0.008838830000000 -1.494060577555486 0.000044003529919 0.745732599058256 0.000053279490894 2.976545444022423 0.139369049169050 4.363727444510554 0.217975348269699
2048 2.189190000000000 0.007432540000000 -1.583207751037631 0.000045378455860 0.817662453501479 0.000038826841514 2.505241524066200 0.131967713118558 1.834063213832407 0.091623335741738
2048 2.169190000000000 0.008838830000000 -1.609782650753261 0.000040056767190 0.835468315161192 0.000029756808662 2.578191233654594 0.129328944714297 1.422774391214346 0.071083141697233
2048 2.209190000000000 0.010511200000000 -1.567267157966221 0.000041972568908 0.806538688854908 0.000037607690875 2.545321196906788 0.127558358172803 2.043453829182566 0.102136640331370
2048 2.229190000000000 0.017677700000000 -1.562153560451228 0.000041972972080 0.803319887735358 0.000035032669549 2.661753345244338 0.134512301286623 1.854277928075566 0.092646587961135
2048 2.249190000000000 0.012500000000000 -1.521295212897451 0.000049398749709 0.771932725602150 0.000049598515369 3.276409458978975 0.164967055669093 3.302962256910840 0.165018225559413
2048 2.219190000000000 0.014865100000000 -1.566881419866341 0.000041760496322 0.806567849992196 0.000034220368168 2.860990701106024 0.136941726846662 1.921120022701708 0.096035289869951
2048 2.179190000000000 0.010511200000000 -1.602689469750370 0.000041743538513 0.830750431930809 0.000032465719994 2.481847247529307 0.120908781210104 1.501227821595332 0.075055434033256
2048 2.239190000000000 0.014865100000000 -1.541806661743831 0.000045778060633 0.788516626456859 0.000041145785691 3.026482149798831 0.140311059738480 2.444972935838161 0.122181638538406
2048 2.259190000000000 0.010511200000000 -1.500357027903373 0.000048709172114 0.752961129722201 0.000054406460537 3.396119957175867 0.179264049225018 4.237039106485851 0.211634595833656
2048 2.199190000000000 0.012500000000000 -1.584657341622746 0.000043005887333 0.818707064905111 0.000034638149288 2.977113724488019 0.142029806308140 1.931296522525534 0.096445146223043
2048 2.169190000000000 0.010511200000000 -1.613840027354120 0.000041115651230 0.837845572460189 0.000030317101840 2.451534002237726 0.124438700664645 1.332904209579286 0.066637998345775
2048 2.189190000000000 0.008838830000000 -1.586852187350696 0.000042917709633 0.820256139693721 0.000035665593302 2.731432571482859 0.131506610959040 1.886324109391704 0.094236589662745
2048 2.229190000000000 0.021022400000000 -1.570993568250753 0.000047034049329 0.809303043371563 0.000036165220327 2.605624878825887 0.141453019253605 1.540527240556389 0.076847245618034
2048 2.209190000000000 0.012500000000000 -1.572728067215044 0.000043553301369 0.810575620092526 0.000035974741825 2.848691896692587 0.133907213554865 1.943563306248913 0.097021018021172
2048 2.249190000000000 0.014865100000000 -1.528820773261772 0.000045417457425 0.778683465997173 0.000042339743163 2.965744776778325 0.134115577226758 2.577416338056834 0.128740848892065
2048 2.169190000000000 0.012500000000000 -1.618403368003086 0.000042277778160 0.840434909897511 0.000029755560964 2.395079076421749 0.122972855929753 1.186401890057245 0.059282915429235
2048 2.259190000000000 0.012500000000000 -1.507261641447414 0.000047965762295 0.760330289682178 0.000050261253538 3.182190113115455 0.169151011127949 3.494057535550821 0.174456340376569
2048 2.179190000000000 0.012500000000000 -1.607504559867310 0.000038040704248 0.833627095262162 0.000029295085448 2.339597724096762 0.113909979388544 1.387502043879699 0.069321858131254
2048 2.239190000000000 0.017677700000000 -1.549919908181690 0.000038667574891 0.794783312441356 0.000034250062699 2.321760187842458 0.109669854060637 1.821571534262044 0.090931503064722
2048 2.199190000000000 0.014865100000000 -1.590551773669174 0.000040519877951 0.822530180396896 0.000031232970866 2.573980350465905 0.120976380956660 1.529310119478918 0.076376587618067
2048 2.219190000000000 0.017677700000000 -1.574269848599177 0.000038479249817 0.811596548606339 0.000030962169768 2.717301577180704 0.134908982213450 1.759330464354368 0.087897272224097
2048 2.229190000000000 0.025000000000000 -1.580845468940465 0.000043377682563 0.815283809147827 0.000031704938977 2.492402453598997 0.126288576624852 1.331494328340580 0.066466069137227
2048 2.189190000000000 0.010511200000000 -1.591202038961525 0.000037701444681 0.823155929948565 0.000029949077952 2.491801985291600 0.115244465250791 1.572405142396700 0.078559752757691
2048 2.209190000000000 0.014865100000000 -1.578889434923056 0.000041872575362 0.814778001621517 0.000033838159718 2.633071577713183 0.137181288681388 1.719557851097266 0.085954096286491
2048 2.249190000000000 0.017677700000000 -1.537169871798432 0.000048667255205 0.785513073205949 0.000044629994131 3.034339732162532 0.170255600909846 2.551785452125932 0.127564014525267
2048 2.169190000000000 0.014865100000000 -1.623618282612161 0.000041128606966 0.843200889314924 0.000030603613628 2.286269838270445 0.119833291929125 1.265857757364458 0.063260920950999
2048 2.259190000000000 0.014865100000000 -1.515307814622418 0.000046906357223 0.768005677452188 0.000047012396007 3.092191915921310 0.153525138893817 3.106188436399075 0.155294454553349
2048 2.179190000000000 0.014865100000000 -1.612901152350195 0.000038735506114 0.836677683445445 0.000028464826588 2.466272994985246 0.118185616102895 1.331802306589408 0.066558093317499
2048 2.239190000000000 0.021022400000000 -1.558954963391095 0.000043382876508 0.801209980598236 0.000034992367827 2.767421461465472 0.137391938858427 1.800467461682379 0.090015178850648
2048 2.199190000000000 0.017677700000000 -1.597423147890845 0.000040585995137 0.826655779998314 0.000031389229427 2.472431584384672 0.125216301024604 1.478880878310956 0.073866838307504
2048 2.219190000000000 0.021022400000000 -1.582633284892890 0.000037830380131 0.816856316927463 0.000029605123888 2.391107454218126 0.119375808752075 1.464372108799130 0.073089394117848
2048 2.229190000000000 0.029730200000000 -1.592177003565307 0.000040350868916 0.821668060792296 0.000029680834993 2.407914971423631 0.118494787398434 1.302829529334053 0.065061823499251
2048 2.189190000000000 0.012500000000000 -1.596154203317975 0.000042060655343 0.826343022580371 0.000032805754532 2.664103328758839 0.125368022121499 1.620686658198503 0.080906985600052
2048 2.169190000000000 0.017677700000000 -1.629759455806593 0.000039904426962 0.846267043003419 0.000027366053756 2.259958832416690 0.122003566903114 1.062876297613740 0.053126203533715
2048 2.249190000000000 0.021022400000000 -1.546628348895066 0.000042683276899 0.792653198551359 0.000036732153834 2.721333603835383 0.133411800887627 2.015389843855169 0.100719134042586
2048 2.179190000000000 0.017677700000000 -1.619245982789585 0.000040324337062 0.840057276128754 0.000027865230559 2.306570682496740 0.122165870617904 1.101431712888459 0.054949883274214
2048 2.209190000000000 0.017677700000000 -1.586022612686549 0.000039245287604 0.819328385571878 0.000030407520577 2.660990109971950 0.123939322188405 1.597460936081361 0.079750089785019
2048 2.259190000000000 0.017677700000000 -1.524124120083625 0.000044447183201 0.775797605216129 0.000041221344082 2.926836923706724 0.138500160421468 2.517412219303031 0.125804666746177
2048 2.199190000000000 0.021022400000000 -1.605266341109236 0.000041868250976 0.831056709774954 0.000029790397219 2.229937157170484 0.113636749340147 1.128952252862073 0.056390326902141
2048 2.239190000000000 0.025000000000000 -1.569256991806903 0.000044234315425 0.807842254638673 0.000033455508876 2.880780214869547 0.145361453738920 1.647884561300003 0.082250102118239
2048 2.219190000000000 0.025000000000000 -1.592334314102187 0.000042282103171 0.822481142166735 0.000030385526036 2.676108778377148 0.132489020388589 1.382051154301198 0.069098781377643
2048 2.169190000000000 0.021022400000000 -1.636854336285246 0.000039877232495 0.849613403956096 0.000026864149447 2.303001121161142 0.123546898865026 1.045178140982109 0.052236772087741
2048 2.229190000000000 0.035355300000000 -1.605021910984596 0.000043986815264 0.828258636416572 0.000029782303381 2.628421764055348 0.139642068057249 1.204943220838873 0.060144972610425
2048 2.249190000000000 0.025000000000000 -1.557309753755583 0.000043683188551 0.799982622940176 0.000035863386561 2.433988515274006 0.127744482769279 1.640561279447984 0.081949542777275
2048 2.179190000000000 0.021022400000000 -1.626655268366139 0.000042329204804 0.843765970065127 0.000029131310750 2.269190311842434 0.114491410746960 1.074758164072441 0.053600719825681
2048 2.189190000000000 0.014865100000000 -1.601885429659692 0.000040614263905 0.829782052212451 0.000030783874299 2.619920737310668 0.125817270999136 1.505142203957302 0.075164828106423
2048 2.209190000000000 0.021022400000000 -1.594135686015972 0.000046066767399 0.824161561670932 0.000033133126121 2.626938512564613 0.132344307865500 1.358936798178884 0.067893732853673
2048 2.199190000000000 0.025000000000000 -1.614279326182690 0.000043691522567 0.835743368917436 0.000029944848064 2.435665412304835 0.118422888718484 1.144109253240202 0.057134020406549
2048 2.259190000000000 0.021022400000000 -1.533984194892332 0.000044330239427 0.783623587994175 0.000038492099317 2.864026012812772 0.133279011400709 2.159334878337670 0.107712468952730
2048 2.239190000000000 0.029730200000000 -1.580800397061296 0.000039421101594 0.814678593627860 0.000029142283095 2.520834668601083 0.121673305186126 1.377634455160287 0.068729765623938
2048 2.229190000000000 0.042044800000000 -1.619629193098557 0.000042710677332 0.835076468139046 0.000028157830230 2.426638869641091 0.127151175541019 1.054704027743003 0.052699894325890
2048 2.219190000000000 0.029730200000000 -1.603259362541629 0.000038798795281 0.828296492829115 0.000026014626707 2.210664912560790 0.112270832556196 0.993851811234004 0.049681157807372
2048 2.179190000000000 0.025000000000000 -1.635162477357395 0.000037489547273 0.847765139347531 0.000024748354151 2.085641102739871 0.107209552830590 0.908891055910495 0.045396015345040
2048 2.249190000000000 0.029730200000000 -1.569367041296692 0.000045102996743 0.807474677252307 0.000033727737830 2.735141644520235 0.135516875206661 1.529478766607620 0.076361017387727
2048 2.169190000000000 0.025000000000000 -1.645203576645223 0.000036205426215 0.853335031469444 0.000022719318148 2.296348706409392 0.118567255253614 0.904234545822513 0.045209646497944
2048 2.209190000000000 0.025000000000000 -1.603393533266306 0.000041733031011 0.829218351128039 0.000029008704929 2.374166300688818 0.114336093170508 1.147117647632401 0.057270296823684
2048 2.189190000000000 0.017677700000000 -1.608573251547666 0.000037994108585 0.833606197640248 0.000026863708805 2.345334652575386 0.123152065358175 1.172476761001449 0.058609981773838
2048 2.199190000000000 0.029730200000000 -1.624526662777741 0.000036522879980 0.840621601885498 0.000023595299370 2.284565012873749 0.110575683810735 0.953508289573772 0.047671129676415
2048 2.259190000000000 0.025000000000000 -1.545121737719989 0.000042816122203 0.791734150477820 0.000034116845957 2.879334846273416 0.138917389863241 1.828164451134230 0.091395611716672
2048 2.229190000000000 0.050000000000000 -1.636146689937964 0.000039987947307 0.842039033212970 0.000023944986282 2.328691733084044 0.115557943855376 0.834993249177625 0.041741791803635
2048 2.239190000000000 0.035355300000000 -1.594089415238381 0.000040940687260 0.821851017034573 0.000028045065599 2.307632013696413 0.118705048915748 1.082852286997496 0.054141980735464
2048 2.179190000000000 0.029730200000000 -1.644886871699343 0.000040540953406 0.851958154300071 0.000025938120335 2.261823774604255 0.116679185875183 0.925865391397170 0.046283039961467
2048 2.249190000000000 0.035355300000000 -1.582959663881635 0.000045991027792 0.815194532811807 0.000032777194510 2.843906119037116 0.139464901706882 1.444483489167558 0.072186390754219
2048 2.169190000000000 0.029730200000000 -1.654681519494017 0.000038461855503 0.857261464753503 0.000023135498031 2.202487741917307 0.112212053913299 0.796912688672664 0.039811582933551
2048 2.209190000000000 0.029730200000000 -1.614071406260786 0.000040255845376 0.834662819790557 0.000027216761871 2.325982987823779 0.114287770559902 1.063216085448332 0.053114014638703
2048 2.219190000000000 0.035355300000000 -1.615704020049040 0.000034820358205 0.834380563032828 0.000023240753342 2.160944334060054 0.102640893681079 0.962670167542886 0.048097764899862
2048 2.189190000000000 0.021022400000000 -1.616088809361778 0.000040087836115 0.837555243157786 0.000027836115690 2.376944152307979 0.117198889728448 1.146069658167203 0.057240313262028
2048 2.199190000000000 0.035355300000000 -1.636301843566709 0.000040126959492 0.845860139402763 0.000024401951858 2.318550775505081 0.120831515630582 0.857419262812803 0.042805529324699
2048 2.259190000000000 0.029730200000000 -1.557591386564991 0.000043561794094 0.799911814935477 0.000033526606471 2.825485166464324 0.145973726580549 1.673634845797628 0.083662695481209
2048 2.229190000000000 0.059460400000000 -1.654885655454107 0.000038658734519 0.849190131955507 0.000021932389735 2.193323480690078 0.105451725298301 0.705958757971337 0.035266826988880
2048 2.179190000000000 0.035355300000000 -1.656095588265106 0.000036200401250 0.856472602871615 0.000021743402296 2.106095457539380 0.111638627136408 0.759812239671100 0.037939607967146
2048 2.239190000000000 0.042044800000000 -1.609123808767038 0.000038278876896 0.829177282237672 0.000024325721236 2.349422358662238 0.120102312577922 0.948798904346598 0.047417097131510
2048 2.219190000000000 0.042044800000000 -1.629944751417923 0.000040778030614 0.840753698024620 0.000025780537315 2.306821406947449 0.115221135359117 0.922030754025222 0.046081324905764
2048 2.249190000000000 0.042044800000000 -1.598229101339969 0.000041676224914 0.822935172580781 0.000028346033812 2.419530542534984 0.127453448253758 1.119280568374045 0.055958369039403
2048 2.209190000000000 0.035355300000000 -1.626085098320341 0.000039133667038 0.840233484313093 0.000025287851736 2.343489267175002 0.115667505941224 0.978556150207736 0.048880939782460
2048 2.169190000000000 0.035355300000000 -1.665664313423988 0.000034125891368 0.861469756315429 0.000020217136276 2.008607931374417 0.099771387201514 0.704963192719746 0.035239152391406
2048 2.189190000000000 0.025000000000000 -1.624847506254156 0.000037664231307 0.841863902351649 0.000025044036020 2.223248301650632 0.107409131505448 0.982965764422388 0.049139829197525
2048 2.199190000000000 0.042044800000000 -1.649820784326087 0.000037079693614 0.851369341449626 0.000021914140593 2.213155213839138 0.110535680305484 0.773016005834492 0.038644398513394
2048 2.259190000000000 0.035355300000000 -1.571530193042839 0.000042728234297 0.808185249645666 0.000030687879075 2.565859783787454 0.123670693769865 1.323539098915036 0.066070303335471
2048 2.229190000000000 0.070710700000000 -1.676158424983491 0.000039306663335 0.856492962424211 0.000021205339533 2.212227736775401 0.110818530090215 0.643854798088596 0.032166589486886
2048 2.179190000000000 0.042044800000000 -1.668987631487066 0.000035584826869 0.861273166929322 0.000020616007833 1.905905111242016 0.095877355696575 0.639706408492179 0.031977711103753
2048 2.219190000000000 0.050000000000000 -1.645995503489736 0.000042342488611 0.847219853373299 0.000025094109921 2.314402449671893 0.121891294152219 0.812886130378285 0.040622640944511
2048 2.189190000000000 0.029730200000000 -1.634811274725845 0.000039106993333 0.846436995477857 0.000024771898577 2.159497926882097 0.108113066080016 0.866487941554871 0.043250483797679
2048 2.239190000000000 0.050000000000000 -1.625892528849980 0.000038282079405 0.836570618318958 0.000023983213334 2.358050827176014 0.114232649502923 0.925500938836654 0.046242687967564
2048 2.209190000000000 0.042044800000000 -1.640036697839228 0.000038488982106 0.846179852428206 0.000023834829933 2.331600919481156 0.112274397604798 0.894139912776284 0.044694931385450
2048 2.249190000000000 0.050000000000000 -1.615568219191068 0.000038331176294 0.830939081736974 0.000023967151449 2.106999314643728 0.106747917324054 0.823745283280816 0.041142039038505
2048 2.169190000000000 0.042044800000000 -1.678329003770453 0.000035244658040 0.865969988247840 0.000020137104524 1.897474746746165 0.094084812155055 0.619417471244986 0.030926905311007
2048 2.199190000000000 0.050000000000000 -1.665348217648429 0.000038185329707 0.857173862328402 0.000021675348635 2.055108145476488 0.108937554780445 0.662176515425209 0.033070790372094
2048 2.229190000000000 0.084089600000000 -1.700429292996604 0.000037154423056 0.863984524576288 0.000019265120044 1.971404020958073 0.094125000340485 0.530027048699947 0.026494302324159
2048 2.259190000000000 0.042044800000000 -1.587240867446357 0.000040113262963 0.816529674167874 0.000027815000156 2.357002981613418 0.118650843451850 1.133293203379931 0.056648995873561
2048 2.179190000000000 0.050000000000000 -1.683868078035964 0.000034643343784 0.866349389966654 0.000019830503183 1.808698491990730 0.095218089711038 0.592644199062199 0.029599036963563
2048 2.219190000000000 0.059460400000000 -1.664405621443870 0.000038102065667 0.853979487013434 0.000021484288001 2.222529218258257 0.109313450197334 0.706630482208033 0.035327210268966
2048 2.189190000000000 0.035355300000000 -1.646281654009646 0.000041244303784 0.851296201860724 0.000024673626282 2.366143193638536 0.118549789638402 0.846796461338208 0.042315066709406
2048 2.239190000000000 0.059460400000000 -1.645105156619918 0.000038521523768 0.844199625608601 0.000023014256973 2.079110023908762 0.108544416192198 0.742103487601364 0.037103517169805
2048 2.249190000000000 0.059460400000000 -1.635113779740886 0.000040249634157 0.839018505889101 0.000023042607536 2.323185963169653 0.114684137477842 0.761418362897660 0.038042439798336
2048 2.169190000000000 0.050000000000000 -1.692788116457558 0.000036449073026 0.870699785775730 0.000019957740018 1.972861085946860 0.101156774237133 0.591488428572655 0.029560840317523
2048 2.209190000000000 0.050000000000000 -1.655686453802392 0.000033475391220 0.852244309619464 0.000019300315582 1.921170497044325 0.094881358111662 0.638621310645664 0.031907567668478
2048 2.199190000000000 0.059460400000000 -1.683026950983536 0.000036951201654 0.863138038865234 0.000020270498485 1.984308790680372 0.109614992209714 0.597146624342602 0.029846328008004
2048 2.229190000000000 0.100000000000000 -1.728201249767747 0.000039825352575 0.871640857528237 0.000018562456946 2.026291167353055 0.105328802479196 0.440203520454373 0.021998955412903
2048 2.259190000000000 0.050000000000000 -1.604974726421728 0.000042069022795 0.825059673148141 0.000027604078547 2.329583228056825 0.118199840765451 1.002997595321787 0.050119322292884
2048 2.219190000000000 0.070710700000000 -1.685377629068459 0.000036485385598 0.860936383512569 0.000018948304477 1.879420244637729 0.092283248535312 0.506905179826035 0.025333361820001
2048 2.179190000000000 0.059460400000000 -1.700864012016484 0.000036092146293 0.871654616531574 0.000018746745355 1.902970260673295 0.096191578372696 0.513402930914392 0.025629136664485
2048 2.249190000000000 0.070710700000000 -1.657224802432738 0.000042976125054 0.847206128907094 0.000024425184409 2.238729524195786 0.117494286934445 0.723140724341362 0.036156786421846
2048 2.239190000000000 0.070710700000000 -1.666812581562922 0.000038151598073 0.851952868547606 0.000020822084162 2.023011410030435 0.093885772642462 0.602589082526426 0.030114924760802
2048 2.189190000000000 0.042044800000000 -1.659554344380543 0.000036142141934 0.856427151882853 0.000020998158701 2.044684381696843 0.101240705326285 0.690177715962035 0.034458916301229
2048 2.169190000000000 0.059460400000000 -1.709627456310316 0.000035767708449 0.875757846251999 0.000018175302950 1.867632815918084 0.092055850344022 0.482250381204111 0.024111820358869
2048 2.209190000000000 0.059460400000000 -1.673741984321577 0.000036539161224 0.858606528661337 0.000020133449958 2.101350577995690 0.107373463096525 0.637995720583029 0.031855412097394
2048 2.199190000000000 0.070710700000000 -1.703217261407369 0.000034335467511 0.869330201749947 0.000018073199052 1.906684934568483 0.092843334281527 0.528278661029663 0.026383852815556
2048 2.259190000000000 0.059460400000000 -1.625048294972117 0.000039724170754 0.833706845826001 0.000024321972992 2.103493972417033 0.107902602988458 0.788549926486142 0.039409295742970
2048 2.219190000000000 0.084089600000000 -1.709246384648385 0.000037112151418 0.868015006783820 0.000018500116230 1.939339992780530 0.101221377500607 0.481915177764996 0.024075706931134
2048 2.189190000000000 0.050000000000000 -1.674673469906889 0.000038612529872 0.861831874082286 0.000022059048480 1.990974701368604 0.104380399223417 0.649804593918511 0.032459137497231
2048 2.179190000000000 0.070710700000000 -1.720529883505184 0.000035874532390 0.877278851984737 0.000018072070405 1.974220360469642 0.111285791525714 0.501001410252995 0.025046811281191
2048 2.239190000000000 0.084089600000000 -1.691454876965246 0.000037054209168 0.859808665855055 0.000019699898982 1.885159195251514 0.093204333425501 0.532845045085914 0.026633622589173
2048 2.249190000000000 0.084089600000000 -1.682380676433830 0.000037025895330 0.855539480845134 0.000019352523315 1.937822991978434 0.103667512088224 0.529392964064722 0.026451384477557
2048 2.169190000000000 0.070710700000000 -1.728905999975680 0.000031371135744 0.881039776049162 0.000015547707436 1.805880494976892 0.084700473045016 0.443569057567690 0.022147184139414
2048 2.209190000000000 0.070710700000000 -1.694399722756079 0.000036726041877 0.865199568219173 0.000019180035493 2.092170829775787 0.106800765764954 0.570620940767051 0.028500883371640
2048 2.199190000000000 0.084089600000000 -1.726528892557778 0.000035102920769 0.875828264411946 0.000016949119819 1.938820525358989 0.095468428994328 0.452007250082350 0.022584977003934
2048 2.259190000000000 0.070710700000000 -1.647606471164527 0.000040139310523 0.842391008088569 0.000022942758668 2.132733025186448 0.115793235124633 0.696767605676760 0.034820539436722
2048 2.189190000000000 0.059460400000000 -1.692029332444926 0.000039294724651 0.867484984469058 0.000021089500682 1.979115164600016 0.106089935521790 0.570079155421103 0.028464739521304
2048 2.239190000000000 0.100000000000000 -1.719638776510909 0.000040267982654 0.867839097641356 0.000019051998303 2.156488036201300 0.111428102116100 0.482734541848041 0.024119346992946
2048 2.219190000000000 0.100000000000000 -1.736557983924180 0.000035708173296 0.875297584900488 0.000017020428579 1.877319291970281 0.095222203169092 0.426524378292943 0.021308622747231
2048 2.249190000000000 0.100000000000000 -1.710965681870781 0.000036392730617 0.863966915720984 0.000017898883805 2.072168211422332 0.100104618811421 0.501242190106797 0.025061481237919
2048 2.179190000000000 0.084089600000000 -1.743001742402761 0.000032771905951 0.883068191238314 0.000015928101380 1.765330715392054 0.084622434906309 0.417014062535579 0.020850379605627
2048 2.209190000000000 0.084089600000000 -1.717925509068427 0.000036101300892 0.871960001423005 0.000018165219982 1.858285663835258 0.097502203866019 0.470487507090666 0.023475595142873
2048 2.169190000000000 0.084089600000000 -1.751041854575658 0.000032283994405 0.886557869391865 0.000015141287001 1.626336362947637 0.083213165966797 0.357734996787967 0.017874163368165
2048 2.199190000000000 0.100000000000000 -1.752971259480949 0.000034885392071 0.882379384397404 0.000016085213943 1.828986865363015 0.093577642793016 0.388845478531325 0.019424747057569
2048 2.259190000000000 0.084089600000000 -1.673133297977656 0.000037527516034 0.851121210340243 0.000019670409688 2.099531192161890 0.106684728955015 0.576832210473877 0.028826991292545
2048 2.189190000000000 0.070710700000000 -1.711912222957895 0.000035180168650 0.873352147028658 0.000017403177176 2.053478570986415 0.095781329334404 0.502517770381042 0.025111131722234
2048 2.179190000000000 0.100000000000000 -1.768817064815471 0.000033341159075 0.889077765641140 0.000015160193800 1.814354084538899 0.090198890622885 0.375119953401856 0.018734669537088
2048 2.169190000000000 0.100000000000000 -1.776590059747152 0.000035739405759 0.892310205903298 0.000016278758775 1.632519677818640 0.084178923416675 0.338693097390327 0.016932500232321
2048 2.209190000000000 0.100000000000000 -1.744824034338158 0.000033247951503 0.878900827862632 0.000015907341662 1.723057529040579 0.087356610432549 0.394425705604146 0.019688454114080
2048 2.259190000000000 0.100000000000000 -1.702110721197694 0.000040886331761 0.859957222786846 0.000020202809247 2.240787337681393 0.112628755792087 0.547101457442821 0.027334767672091
2048 2.189190000000000 0.084089600000000 -1.734809981082414 0.000034674868550 0.879496705714453 0.000016692037865 1.653981089908628 0.083967623240248 0.383283051634423 0.019127297286888
2048 2.189190000000000 0.100000000000000 -1.761041828478723 0.000030720231121 0.885815248329770 0.000013835209508 1.726747269932791 0.081533723124060 0.350228352137084 0.017483163455871
