4096 2.259190000000000 0.000069053400000 -1.444038347519390 0.000032093669597 0.628212284195647 0.000128555312531 7.320113773900924 0.539844842310542 117.451653091888218 5.872516568813491
4096 2.259190000000000 0.000116134000000 -1.444706848534361 0.000030237925236 0.632329469013967 0.000116632378136 6.878291260967711 0.483242386041789 102.332797388415756 5.114449066286046
4096 2.259190000000000 0.000058066800000 -1.443928666631388 0.000031049865756 0.627263093952293 0.000126076059718 6.944777351408252 0.537378925465128 114.499641709231753 5.723116528012092
4096 2.259190000000000 0.000048828100000 -1.443780615037789 0.000032278888531 0.626283750529080 0.000131998962919 7.404849240650061 0.588279720692642 123.828358215388107 6.190948897647422
4096 2.259190000000000 0.000024414100000 -1.443355909302475 0.000033122076741 0.623519608005494 0.000145657034520 7.870084284396873 0.683245924903231 152.197385784519810 7.605976601185471
4096 2.259190000000000 0.000097656300000 -1.444500215365400 0.000029454336467 0.631134587746243 0.000116183278071 6.803455434238672 0.480871546162969 105.856689662640932 5.291915744133369
4096 2.259190000000000 0.000138107000000 -1.445040598916819 0.000029577679915 0.634365489974997 0.000105995703954 6.886542208689608 0.580865483329263 88.440162355527946 4.421512673166197
4096 2.259190000000000 0.000041059400000 -1.443650166748808 0.000030505646057 0.625294668581880 0.000129630142531 7.111201220743132 0.617406799860286 128.408718193669216 6.413780363036105
4096 2.259190000000000 0.000020529700000 -1.443331406024982 0.000031242440508 0.622814121379046 0.000139506475996 7.545843112501383 0.585996544285363 150.454993108028305 7.517842967671383
4096 2.259190000000000 0.000082118800000 -1.444244171958166 0.000027455400035 0.629554131320704 0.000107338448314 6.583093334031282 0.453144077935031 100.620179167477033 5.025022854921014
4096 2.259190000000000 0.000034526700000 -1.443568906044012 0.000029264533914 0.624750190678618 0.000123712755865 7.326606067475971 0.547983736374561 130.932837866841624 6.544820262163760
4096 2.259190000000000 0.000029033400000 -1.443512508780186 0.000028903975683 0.624327101793559 0.000124936303196 7.209222564105481 0.560541849844345 134.694719261568082 6.730811939325022
4096 2.259190000000000 0.000464534000000 -1.448977280309313 0.000030530714397 0.653403258633975 0.000086433969270 6.375301120059802 0.435725707790912 51.097033085655987 2.552288152261003
4096 2.259190000000000 0.000195313000000 -1.445818509196613 0.000028299833954 0.638617469748454 0.000100760044334 6.369779289349990 0.442367439777727 80.748285441020002 4.034900296588956
4096 2.259190000000000 0.000552427000000 -1.449780498302701 0.000028775082872 0.656726492072011 0.000080302199635 5.780004261678908 0.401218339475238 45.014235194868633 2.248269017354308
4096 2.259190000000000 0.000390625000000 -1.448163120616716 0.000029700880365 0.649888884671658 0.000087233248329 6.472360941161289 0.438224722595346 55.832641201300582 2.788718480666506
4096 2.259190000000000 0.000232267000000 -1.446318469247681 0.000028089273597 0.641214895443838 0.000092814452034 6.427687926869241 0.459851979425877 70.178644645178153 3.507800648959016
4096 2.259190000000000 0.000328475000000 -1.447407336061987 0.000027814196489 0.646592580842542 0.000086548473524 6.371353795408643 0.447455175029489 61.690389188714789 3.083772933841060
4096 2.259190000000000 0.001104850000000 -1.454659590048726 0.000027662108275 0.673550106776066 0.000061271457120 5.313116070172252 0.327438622113982 26.067246988958093 1.302684366018996
4096 2.259190000000000 0.000929068000000 -1.453241135916796 0.000028375819006 0.669049472606033 0.000068677042764 5.758246293423852 0.364286746367232 33.730019971805035 1.684987251041505
4096 2.259190000000000 0.000781250000000 -1.451904401057300 0.000026809996489 0.664583317061053 0.000064952251082 5.497913184904748 0.371069674420363 32.269540256269110 1.612925874143101
4096 2.259190000000000 0.000164238000000 -1.445476260994402 0.000025957897782 0.636563916354216 0.000091280014218 6.449990754221026 0.473479572660073 79.757485642967680 3.984462956575073
4096 2.259190000000000 0.000656950000000 -1.450819176197084 0.000027053105959 0.660623015952727 0.000069017918335 5.886130175512991 0.410782883769736 38.310631263186771 1.914823207546756
4096 2.259190000000000 0.000276214000000 -1.446859172744569 0.000023581983064 0.643887004468671 0.000076157019216 5.847780173636798 0.372760668775061 60.988825102349196 3.047556416357397
4096 2.259190000000000 0.002627800000000 -1.465096779171329 0.000029823777929 0.699994002133054 0.000051515784859 5.323870641057415 0.282396099129764 15.884839180922391 0.793633944259795
4096 2.259190000000000 0.002209710000000 -1.462483675578164 0.000027710759372 0.694240879481451 0.000050267463600 4.858515448251733 0.324493765627813 15.987504432826130 0.798720633686899
4096 2.259190000000000 0.005255600000000 -1.478838727881508 0.000026068744836 0.724951108963259 0.000036903464069 3.906144830922113 0.206919578522039 7.827847725782235 0.390819992563378
4096 2.259190000000000 0.004419420000000 -1.474811016113819 0.000026218020930 0.718395253263632 0.000038875201040 4.201136434697008 0.238399199479649 9.236602840686826 0.461524745832048
4096 2.259190000000000 0.001313900000000 -1.456299615542136 0.000026870984545 0.678381474275166 0.000058150417335 5.067177361080307 0.305730217905320 23.730375986038716 1.186452679904762
4096 2.259190000000000 0.006250000000000 -1.483324521653185 0.000026188209921 0.731674172839180 0.000034626944428 4.033703273033257 0.210239868810763 7.052135697544566 0.352198991297006
4096 2.259190000000000 0.007432540000000 -1.488411915189290 0.000024641473489 0.738630934040268 0.000030416825036 3.467582690264057 0.173418295284922 5.283494236029261 0.264003079742144
4096 2.259190000000000 0.001562500000000 -1.458187831614701 0.000026603560566 0.683598036004097 0.000055172365505 5.092962133354075 0.330107983329365 21.904539390765564 1.094942002400366
4096 2.259190000000000 0.003125000000000 -1.467942340709310 0.000025274347274 0.705907852998530 0.000042238550215 4.307376996694314 0.223038117349725 12.030148651526050 0.600428568211892
4096 2.259190000000000 0.008838830000000 -1.494059798421840 0.000026611352027 0.745708819707680 0.000030937725681 3.760166369310861 0.200410976056674 5.082178907023905 0.253979699718010
4096 2.259190000000000 0.003716270000000 -1.471187304480660 0.000025645988813 0.712050183324623 0.000039900698383 4.420329208725321 0.240157781885812 10.699825932938174 0.534277867952097
4096 2.259190000000000 0.001858140000000 -1.460212428809920 0.000025027592242 0.688831336138255 0.000047653354013 4.893516084046402 0.307897718710742 17.740662144436563 0.886290260749805
4096 2.259190000000000 0.029730200000000 -1.557526164868191 0.000024575810641 0.799871473868297 0.000018629911137 2.727008064993333 0.136957466682233 1.567084030441420 0.078204728251641
4096 2.259190000000000 0.017677700000000 -1.524121471220069 0.000025194632279 0.775791263898686 0.000022808326657 3.172475313742356 0.172320246677252 2.599974279049223 0.129906278855390
4096 2.259190000000000 0.010511200000000 -1.500276126151465 0.000024188731971 0.752915752528533 0.000026476626846 3.306572124376437 0.176694260811187 3.961659128584010 0.197936243185698
4096 2.259190000000000 0.021022400000000 -1.534044352083658 0.000022814390453 0.783697196024794 0.000020099775485 2.860333012244091 0.142386507434213 2.220144651284427 0.110971847674123
4096 2.259190000000000 0.035355300000000 -1.571531112466658 0.000023363092148 0.808142790937783 0.000016386364391 2.691509159522077 0.140530147091530 1.324037954793182 0.066115613522342
4096 2.259190000000000 0.014865100000000 -1.515270362683762 0.000022227519760 0.768031096400845 0.000022169225985 3.034273040898875 0.151701509060606 3.018378573941892 0.150843584937518
4096 2.259190000000000 0.025000000000000 -1.545094251826064 0.000022140714616 0.791708296340236 0.000018747977593 2.857722563534193 0.149119149506659 2.049017404043202 0.102385168798037
4096 2.259190000000000 0.059460400000000 -1.624966449766035 0.000020931758355 0.833678136780465 0.000012468691695 2.336162282760572 0.120431564338064 0.828959582581655 0.041439867493651
4096 2.259190000000000 0.012500000000000 -1.507357411748071 0.000021880530697 0.760396276786072 0.000023266828625 3.103823987668287 0.144050182183457 3.509584994985475 0.175250217436127
4096 2.259190000000000 0.070710700000000 -1.647596226909961 0.000019478098589 0.842375216515442 0.000011266082239 2.138464446451295 0.104715357553493 0.715409576051493 0.035684578857454
4096 2.259190000000000 0.042044800000000 -1.587256751815018 0.000021126630178 0.816560722809089 0.000014392989530 2.515760968659626 0.128700676289637 1.167645295161746 0.058252788096771
4096 2.259190000000000 0.050000000000000 -1.604997596245570 0.000021698498924 0.825073349755257 0.000013761859725 2.681772201565136 0.127382066583729 1.078739934324629 0.053926105260105
4096 2.259190000000000 0.084089600000000 -1.673157222851575 0.000020296522138 0.851140692809303 0.000010636257710 2.190399919283693 0.110052188405875 0.601530792893954 0.030064010747909
4096 2.259190000000000 0.100000000000000 -1.702065014940769 0.000019193175282 0.859934635799039 0.000009725751394 1.923163124068120 0.102193415002346 0.493820133024610 0.024669401046374
4096 2.249190000000000 0.000024414100000 -1.465040613509288 0.000031419015377 0.676366843223573 0.000090818921215 5.515192954742155 0.384197797678412 46.081674019404083 2.299443732368755
4096 2.249190000000000 0.000020529700000 -1.464911763572080 0.000031257950023 0.676046483760696 0.000089230913513 5.903366627062528 0.426100574291352 48.107130095142772 2.403681658368670
4096 2.249190000000000 0.000138107000000 -1.466077056113680 0.000028946180055 0.680636319040851 0.000078177197094 5.574951901952994 0.357744648427441 40.664814673342136 2.030109881794530
4096 2.249190000000000 0.000082118800000 -1.465606233214496 0.000028723476066 0.678789291530848 0.000079515336623 5.507960029322740 0.362585993607751 42.210314790457375 2.106474730515811
4096 2.249190000000000 0.000034526700000 -1.465106386717004 0.000028902429575 0.676897630654688 0.000084109007966 5.639116079184552 0.360912023779004 47.755935012160528 2.385023839792863
4096 2.249190000000000 0.000069053400000 -1.465442854590539 0.000028241958238 0.678123899979742 0.000073852829125 5.461677421089568 0.338027018879087 37.348288653982145 1.863193031927828
4096 2.249190000000000 0.000029033400000 -1.465081541537889 0.000029215109840 0.676587393395922 0.000085192223935 5.952787913984575 0.386238062839861 50.618034102939333 2.529066425341567
4096 2.249190000000000 0.000048828100000 -1.465262355923514 0.000027796144693 0.677253411666252 0.000079974657634 5.457740199720173 0.370598269408902 45.180237561322400 2.255099531410161
4096 2.249190000000000 0.000116134000000 -1.465891861825584 0.000026521305714 0.679923632914428 0.000073366997011 4.952854270028615 0.303799104204238 37.902445582985052 1.893432847266832
4096 2.249190000000000 0.000058066800000 -1.465354907069308 0.000029222327442 0.677689974009991 0.000076159296369 6.108603895300707 0.349334715693264 41.491411092122135 2.072732773291131
4096 2.249190000000000 0.000097656300000 -1.465718971124357 0.000028485019395 0.679307253432250 0.000075412675574 5.846607204449662 0.361778456339399 40.978832143725960 2.047820391167844
4096 2.249190000000000 0.000041059400000 -1.465175741295881 0.000024644757364 0.677049744871227 0.000069041602576 5.599655589034496 0.327728474437994 43.947477235536333 2.196173188719918
4096 2.249190000000000 0.000164238000000 -1.466317714137874 0.000027338283362 0.681479405818291 0.000070754779145 5.424367104785973 0.317244955168682 36.334413274766142 1.813948925277189
4096 2.249190000000000 0.000232267000000 -1.466901905354793 0.000028107116834 0.683787612841938 0.000071656438753 4.991255022009967 0.290080302292614 32.440504767694492 1.620935027326295
4096 2.249190000000000 0.000328475000000 -1.467687232194109 0.000028471067088 0.686429093756744 0.000066687225772 5.048794764901571 0.328557190499908 27.699091776127094 1.382423766029585
4096 2.249190000000000 0.000390625000000 -1.468241698872036 0.000027922155632 0.688188974420090 0.000067638758501 5.036276097442234 0.301042933833993 29.553090190747820 1.477118389931608
4096 2.249190000000000 0.000464534000000 -1.468815087126640 0.000027559770281 0.690027205246574 0.000064664787691 5.087697426290444 0.344523576714061 28.009528664227087 1.398185992153432
4096 2.249190000000000 0.000781250000000 -1.471256850449280 0.000027127424378 0.697190007730934 0.000054772714827 4.896386922603879 0.265703775323263 19.961222756978209 0.997919803095851
4096 2.249190000000000 0.000195313000000 -1.466601850431033 0.000026086074084 0.682521384240069 0.000067047213527 5.542859075668540 0.359569460683333 36.616586611917796 1.829403345413683
4096 2.249190000000000 0.000276214000000 -1.467302728415308 0.000026500112865 0.685045497235865 0.000065648858042 5.290668773152066 0.330966844592823 32.469042205797003 1.621838817973486
4096 2.249190000000000 0.000552427000000 -1.469478477808668 0.000025782885401 0.692109768086600 0.000059717533095 4.894112421692580 0.303534307695290 26.255157173046403 1.311337555749416
4096 2.249190000000000 0.000929068000000 -1.472200272881588 0.000025993791653 0.699760635271588 0.000053690020884 4.737627084288746 0.278079607868963 20.211974952249896 1.010378250452189
4096 2.249190000000000 0.000656950000000 -1.470289495700448 0.000025164877274 0.694432200199108 0.000054946452741 4.931555035084406 0.243237839382400 23.511133700999693 1.175494422490834
4096 2.249190000000000 0.001104850000000 -1.473363749688629 0.000025416258065 0.702695317948051 0.000050885886854 4.322245371945970 0.219110461224457 17.325305083473591 0.865056483016583
4096 2.249190000000000 0.003125000000000 -1.484779184734257 0.000027137489012 0.726258371546169 0.000041275743452 4.119972684092639 0.221720969474265 9.531139461649367 0.476132643576282
4096 2.249190000000000 0.002627800000000 -1.482252649468967 0.000026607099867 0.721757831511559 0.000042270719619 4.060833387981549 0.210364792962832 10.249421994216029 0.512115554046652
4096 2.249190000000000 0.001858140000000 -1.478037246789450 0.000027549178749 0.713388945461837 0.000049881529143 4.444068275971985 0.240710135736498 14.569442230701082 0.727781390390782
4096 2.249190000000000 0.002209710000000 -1.480009867142130 0.000024543861405 0.717444527834310 0.000041111908330 3.904804617641010 0.227147722001793 10.955918704796286 0.547178248063200
4096 2.249190000000000 0.001562500000000 -1.476289483761850 0.000026845426272 0.709542382834200 0.000047842716272 4.483326951614468 0.259506975200149 14.239392464070679 0.710659090127956
4096 2.249190000000000 0.003716270000000 -1.487679330977925 0.000025765439129 0.731094925974806 0.000037049108344 3.798080919621227 0.212284318967609 7.853163449606012 0.392151621775950
4096 2.249190000000000 0.005255600000000 -1.494618155397822 0.000026038223047 0.741540106169900 0.000034114047863 3.727210540777293 0.191341619615101 6.397757119152649 0.319821764071925
4096 2.249190000000000 0.006250000000000 -1.498744392689861 0.000024785611995 0.747122827060720 0.000030519303572 3.423053188064355 0.176996571282448 5.189954996983790 0.259342627775370
4096 2.249190000000000 0.004419420000000 -1.490946439544946 0.000024258886756 0.736244816905105 0.000033911627962 3.511765219538474 0.177403475134326 6.862478819044390 0.342988807480239
4096 2.249190000000000 0.007432540000000 -1.503426085619283 0.000023324725304 0.752996019888995 0.000027591553833 3.250568658084992 0.166873457647943 4.548608781358658 0.227290571983248
4096 2.249190000000000 0.001313900000000 -1.474687383729228 0.000024877472104 0.706002611602884 0.000046484796694 4.561032768352020 0.238850028818155 15.924747989012754 0.796122191836909
4096 2.249190000000000 0.008838830000000 -1.508649852351692 0.000022381659000 0.759060553979538 0.000024943654896 3.187332216751893 0.164627579646634 3.958794531657308 0.197799677265800
4096 2.249190000000000 0.014865100000000 -1.528776478530627 0.000024253183918 0.778653482039026 0.000023863409555 2.812479087008422 0.154878868241354 2.722806453227030 0.135978256377149
4096 2.249190000000000 0.025000000000000 -1.557353751376174 0.000024982812453 0.799994540727691 0.000019248250133 2.807331634480805 0.162362384761319 1.666454926673567 0.083297446811912
4096 2.249190000000000 0.010511200000000 -1.514595019777616 0.000024609700390 0.765363508289912 0.000026072018594 3.419812412912052 0.179782599158219 3.838300263822216 0.191588392882683
4096 2.249190000000000 0.021022400000000 -1.546612804644159 0.000023694495214 0.792642117527778 0.000019462663856 3.048737644017660 0.156841955645179 2.056978228804061 0.102761351256651
4096 2.249190000000000 0.017677700000000 -1.537174886536881 0.000022968269268 0.785562085827399 0.000020405364676 3.033923821824972 0.151171369534019 2.394621356549183 0.119643842341184
4096 2.249190000000000 0.012500000000000 -1.521279869316721 0.000022192446410 0.771904395330194 0.000022478359575 3.071216193981965 0.146041481240380 3.150861094057571 0.157533154274256
4096 2.249190000000000 0.035355300000000 -1.582939888673770 0.000021459373776 0.815137960946772 0.000014663221800 2.500686329319826 0.134627563583082 1.167572719374339 0.058247833779313
4096 2.249190000000000 0.029730200000000 -1.569339560309382 0.000020503119659 0.807469210257896 0.000014967628616 2.646525550629247 0.128949061342086 1.410399664664388 0.070453774228752
4096 2.249190000000000 0.059460400000000 -1.635154682194632 0.000018106701094 0.839043503234809 0.000011163993416 2.017559563885872 0.098430005017761 0.766984953026051 0.038273812953338
4096 2.249190000000000 0.042044800000000 -1.598263115337253 0.000019393938354 0.822971038673864 0.000013495037892 2.311814510351488 0.115125021797611 1.119358445456846 0.055915469183972
4096 2.249190000000000 0.070710700000000 -1.657330777680162 0.000019854793826 0.847248717571827 0.000011012134276 2.070127880464780 0.101686736142534 0.636809315418477 0.031836387650766
4096 2.249190000000000 0.050000000000000 -1.615603473959419 0.000018905612962 0.830947555192776 0.000011974445716 2.378154861726106 0.117997361038893 0.954046286441313 0.047695250428042
4096 2.249190000000000 0.084089600000000 -1.682390852494457 0.000019330707853 0.855531436197200 0.000009881472988 2.151823107980937 0.113694791323553 0.562282319820335 0.028095325089379
4096 2.249190000000000 0.100000000000000 -1.710936661748149 0.000017966246832 0.863952660954437 0.000008874446717 1.892478795201864 0.096503714640373 0.461741458543427 0.023046636755890
4096 2.239190000000000 0.000048828100000 -1.484367579820314 0.000029357961623 0.710671320373630 0.000061839014933 5.224313960795302 0.317610341256845 23.179421737193913 1.158879745951186
4096 2.239190000000000 0.000116134000000 -1.484882286341483 0.000026477338704 0.712122873604226 0.000053257858596 4.349185674830939 0.242073804949185 17.596515940489319 0.878301781520321
4096 2.239190000000000 0.000069053400000 -1.484486957431645 0.000026808482077 0.711072230143165 0.000058414620511 4.582505121943783 0.280322611299188 21.757131137567033 1.087216867909846
4096 2.239190000000000 0.000020529700000 -1.484168075690603 0.000028400995398 0.710193669765962 0.000061639570773 4.792578776892885 0.255888731171872 22.574666806350915 1.128628655761590
4096 2.239190000000000 0.000138107000000 -1.484984079485146 0.000028314305731 0.712494214616059 0.000059524912514 4.961589520766946 0.290230462875186 21.928379006282185 1.095601256612315
4096 2.239190000000000 0.000034526700000 -1.484271696760263 0.000026727460163 0.710471717453862 0.000059497092139 4.742180208706288 0.300817859838744 23.499258190378942 1.174606642100225
4096 2.239190000000000 0.000082118800000 -1.484618468242460 0.000027221153770 0.711434301539990 0.000058947567730 4.685807620396872 0.266206733051265 21.973699287528849 1.097940906413546
4096 2.239190000000000 0.000058066800000 -1.484446314424337 0.000026846917600 0.710963303279434 0.000055247317907 4.649657476143131 0.262370507559434 19.690398235495380 0.984167964048907
4096 2.239190000000000 0.000024414100000 -1.484179262878191 0.000027768520713 0.710187215703117 0.000060121955150 4.858815798955098 0.296056955141484 22.776717557300049 1.136796737839423
4096 2.239190000000000 0.000097656300000 -1.484666897297641 0.000027122981250 0.711674063158767 0.000055326624856 5.032393294650904 0.272784348427496 20.939585579051514 1.046635826068619
4096 2.239190000000000 0.000029033400000 -1.484225155106781 0.000025610566285 0.710334928719315 0.000056222651778 4.914363908562416 0.279827951814025 23.683811783392905 1.182821354009987
4096 2.239190000000000 0.000041059400000 -1.484303959199299 0.000024077945180 0.710552798073409 0.000054013127149 4.352467272289196 0.245929799996816 21.902582025206559 1.093961807280329
4096 2.239190000000000 0.000656950000000 -1.488307733051000 0.000027999776163 0.720809934855115 0.000049816247477 4.611133816261182 0.245094443187456 14.596227613780751 0.729214633710863
4096 2.239190000000000 0.000276214000000 -1.485918175754242 0.000029690998761 0.715084332244592 0.000061489671401 4.656586563679450 0.262945008000285 19.972039272393637 0.998176098878622
4096 2.239190000000000 0.000195313000000 -1.485335689360281 0.000031371449455 0.713458358157765 0.000062781895598 5.264975220163691 0.311523941674347 21.086087799482890 1.054262265352645
4096 2.239190000000000 0.000328475000000 -1.486264279100210 0.000025837173705 0.715951218038833 0.000052090607291 4.291471649944024 0.235575680390529 17.443558219985050 0.871150313148701
4096 2.239190000000000 0.000390625000000 -1.486634211432629 0.000026622199476 0.716835343615609 0.000053769247702 4.269459175276365 0.258807509749749 17.416180583790076 0.870111369530379
4096 2.239190000000000 0.000929068000000 -1.489909249688556 0.000026388018036 0.724451006909067 0.000046838495946 4.283370601342387 0.228994254013224 13.495158468146816 0.674639151388074
4096 2.239190000000000 0.000232267000000 -1.485660622426012 0.000025474196280 0.714367601302785 0.000053092137988 4.234948042961984 0.217098482401273 18.395327913328266 0.918322560108631
4096 2.239190000000000 0.000781250000000 -1.489077214286190 0.000027359217770 0.722613609445992 0.000050106227336 4.167015503813595 0.227335221482643 13.976588304923773 0.698349022764153
4096 2.239190000000000 0.000552427000000 -1.487692753999629 0.000026154100625 0.719446741191628 0.000048040389458 4.407648790532106 0.239826996155399 14.871009130654368 0.742998017524806
4096 2.239190000000000 0.000464534000000 -1.487112436007100 0.000024935617761 0.718082687753808 0.000047255211055 4.286048107473373 0.217233785373670 15.392749143406279 0.769320787424314
4096 2.239190000000000 0.001104850000000 -1.490843863606129 0.000025556262391 0.726448123791704 0.000042729306483 4.223129729642743 0.227434052333592 11.805691596865376 0.590095715333278
4096 2.239190000000000 0.000164238000000 -1.485146836031741 0.000024717657274 0.712948904227262 0.000052294301732 4.595970951922398 0.221984422046345 20.571757658800124 1.027695778404886
4096 2.239190000000000 0.002209710000000 -1.496601099294951 0.000026912901785 0.737245361865322 0.000041500697427 4.281806195362389 0.215181237809966 10.181616702561266 0.508914480144494
4096 2.239190000000000 0.001858140000000 -1.494784447937628 0.000026230874976 0.734076078352859 0.000039535604743 3.876790615739916 0.198519877644441 8.806910097917925 0.439510798113682
4096 2.239190000000000 0.003716270000000 -1.503419794958863 0.000026945036669 0.747925621148779 0.000035604418693 3.704534296355508 0.178978720137116 6.468206268499642 0.323004928619065
4096 2.239190000000000 0.001562500000000 -1.493355771160826 0.000025661166670 0.731397306728009 0.000042206001120 3.996379879277910 0.199370115672382 10.810913216654383 0.540411732583862
4096 2.239190000000000 0.001313900000000 -1.492008969774986 0.000025858391864 0.728772375303156 0.000041595752225 4.253433677452859 0.223632551082518 11.006129167332848 0.549943842489826
4096 2.239190000000000 0.002627800000000 -1.498589366433610 0.000026004520036 0.740536239897707 0.000037186209328 4.002706312904425 0.213925144829354 8.185022180685056 0.408932253162433
4096 2.239190000000000 0.006250000000000 -1.513615738588653 0.000026352149050 0.761202299698240 0.000030384086480 3.595332609999120 0.181622991868493 4.779685974052950 0.238787452575739
4096 2.239190000000000 0.003125000000000 -1.500848523791982 0.000023710295184 0.744101312672980 0.000032622226581 3.601380314403896 0.178784220111846 6.817454755283885 0.340389261062067
4096 2.239190000000000 0.004419420000000 -1.506386999149244 0.000024553112963 0.752100240536052 0.000029471433493 3.816794544220550 0.171462502529712 5.499056475242544 0.274482537375990
4096 2.239190000000000 0.005255600000000 -1.509720297480220 0.000023012328103 0.756445335851166 0.000028972726077 3.273437199368928 0.167718377723666 5.188736534236202 0.259303919045234
4096 2.239190000000000 0.008838830000000 -1.522845013900612 0.000024103034350 0.771338220724127 0.000025905649452 3.373448557508910 0.165533363085509 3.896903231285415 0.194445031184021
4096 2.239190000000000 0.007432540000000 -1.517909781959925 0.000021361660026 0.766134593808442 0.000023421762113 3.316428831877385 0.149934608467762 3.986941061676095 0.199060316734288
4096 2.239190000000000 0.010511200000000 -1.528416676216890 0.000024126564888 0.776821605861188 0.000023946032910 3.066021944876980 0.162484315410902 3.020309336004905 0.150643680503501
4096 2.239190000000000 0.012500000000000 -1.534679577493623 0.000023210415803 0.782535250629148 0.000022525351252 2.999049301134556 0.156342331068509 2.824625708909610 0.141190394221574
4096 2.239190000000000 0.017677700000000 -1.549864261271843 0.000023404170092 0.794739845128013 0.000019810591265 2.881061663372361 0.149918112310266 2.064243555384403 0.103078582896592
4096 2.239190000000000 0.021022400000000 -1.558960697177846 0.000022266027242 0.801176117029012 0.000018399403461 2.767392087573346 0.133620146750928 1.889699325735760 0.094348159795462
4096 2.239190000000000 0.025000000000000 -1.569249252632106 0.000023232614527 0.807841536450144 0.000017776964653 2.790449800981716 0.142864329913229 1.633778808121374 0.081637561513485
4096 2.239190000000000 0.014865100000000 -1.541854954713349 0.000021330873224 0.788567811937042 0.000019842819008 2.809140304062542 0.144003320653133 2.430876548332715 0.121414096768313
4096 2.239190000000000 0.029730200000000 -1.580902075222472 0.000022112128972 0.814736757463623 0.000015757948455 2.637682779525076 0.144116796444625 1.339555764159280 0.066935904408619
4096 2.239190000000000 0.050000000000000 -1.625921465326910 0.000018497425919 0.836572969161370 0.000011680744457 2.120103450656005 0.104503273770357 0.845425815843971 0.042270598462135
4096 2.239190000000000 0.035355300000000 -1.594127909286760 0.000021418881510 0.821861069547674 0.000014584185900 2.512695740555468 0.130730768794485 1.164959185230526 0.058115363825500
4096 2.239190000000000 0.059460400000000 -1.645044681438609 0.000018982678043 0.844173318070250 0.000011284076718 2.076205100533150 0.097639799070106 0.733647344895459 0.036638934647027
4096 2.239190000000000 0.042044800000000 -1.609024906669202 0.000019799896617 0.829113410230268 0.000013036580652 2.341063084001899 0.113736914502443 1.014879927309261 0.050671215108768
4096 2.239190000000000 0.070710700000000 -1.666787569188016 0.000018034313013 0.851930670738221 0.000009988543067 2.190724918745945 0.110175323625637 0.672036613517951 0.033591799809826
4096 2.239190000000000 0.100000000000000 -1.719611285959080 0.000020001314548 0.867833119099307 0.000009758006842 1.879375540608962 0.092946646081394 0.447320423548172 0.022352330300260
4096 2.239190000000000 0.084089600000000 -1.691497756117640 0.000019136000449 0.859828778348127 0.000009753517494 1.994645427878452 0.099025771089311 0.518186262589563 0.025908513290445
4096 2.229190000000000 0.000024414100000 -1.501743153744296 0.000026659924920 0.735332668490698 0.000048518112162 4.322171691595379 0.232791474753501 14.315019990169940 0.715498203043874
4096 2.229190000000000 0.000020529700000 -1.501700523060028 0.000024139568340 0.735186046725201 0.000043021565605 3.881280945205562 0.202838938965951 12.327882946728757 0.615879516394331
4096 2.229190000000000 0.000034526700000 -1.501756896995535 0.000026765335350 0.735382974443600 0.000046956666642 4.340243230767364 0.229596691071873 13.358669626746169 0.667579720335972
4096 2.229190000000000 0.000048828100000 -1.501819687588798 0.000030270959151 0.735499816957642 0.000050286607420 4.682685042146979 0.250678199552655 12.922521339730908 0.645226449561452
4096 2.229190000000000 0.000029033400000 -1.501698002069845 0.000024794030979 0.735223230772785 0.000044394929748 4.140855962606736 0.193919867378991 13.275857778205184 0.663494776990231
4096 2.229190000000000 0.000041059400000 -1.501836555110331 0.000023957892570 0.735536752892421 0.000042350803226 3.736682030610873 0.184776879697972 11.676487544525397 0.583568943474454
4096 2.229190000000000 0.000082118800000 -1.502045247063079 0.000026853858674 0.735912923396334 0.000048085778787 4.157334577079016 0.225043565812067 13.330145437106447 0.665525494440029
4096 2.229190000000000 0.000058066800000 -1.501924104188046 0.000025745563674 0.735750448949841 0.000045081184135 4.345059963157980 0.218264849551264 13.322373181964522 0.665439866183899
4096 2.229190000000000 0.000069053400000 -1.502004173009440 0.000024071506473 0.735875927000242 0.000044484993499 4.038223370122449 0.187509951095960 13.791479535165871 0.689258992984364
4096 2.229190000000000 0.000138107000000 -1.502342001895436 0.000027441334829 0.736669661672625 0.000046708177070 4.261879008083452 0.215088817241809 12.347427540508409 0.617189492814719
4096 2.229190000000000 0.000116134000000 -1.502235765402590 0.000026450510765 0.736366951694855 0.000046608135124 4.375643781158769 0.214989797621509 13.586177564211047 0.679039558853168
4096 2.229190000000000 0.000097656300000 -1.502100517062388 0.000023583883836 0.736192348057019 0.000042808181003 4.089761926416183 0.225023763340883 13.474756380572416 0.673694264141360
4096 2.229190000000000 0.000164238000000 -1.502466750632907 0.000027306980644 0.736941746552785 0.000047928548502 4.203412316590192 0.257313402789492 12.949207226893458 0.647232565012377
4096 2.229190000000000 0.000195313000000 -1.502661562343460 0.000025359373910 0.737383566600958 0.000046388726729 3.862360042051434 0.210424484237878 12.924108804813708 0.645775988701510
4096 2.229190000000000 0.000276214000000 -1.503090236462801 0.000026313897550 0.738205520322327 0.000044889741640 4.002251617130470 0.205210115469695 11.647379913685654 0.581481862693150
4096 2.229190000000000 0.000390625000000 -1.503719501887795 0.000027849114886 0.739611000694030 0.000046461071060 3.986725252093127 0.231330713073196 11.096140522640514 0.554797056239174
4096 2.229190000000000 0.000232267000000 -1.502856790518600 0.000024869754159 0.737785721248422 0.000044457500742 3.928784799486821 0.220114670049571 12.554671255883076 0.626581693670427
4096 2.229190000000000 0.000328475000000 -1.503355549760885 0.000027170213632 0.738804122258367 0.000045349558047 4.200303881115927 0.236693532029645 11.701478076921310 0.584917324216010
4096 2.229190000000000 0.000464534000000 -1.504125585946473 0.000025232330269 0.740341101038791 0.000041559660463 3.890841685282660 0.214892688202246 10.555354425452306 0.527659273344994
4096 2.229190000000000 0.000552427000000 -1.504580670706195 0.000025077291395 0.741160631038232 0.000041599328875 3.980430619622173 0.190820074871998 10.953211000804993 0.547445193102512
4096 2.229190000000000 0.000656950000000 -1.505118327703042 0.000025137699586 0.742246581497146 0.000040935175415 3.875979595360072 0.197618133354471 10.278357757142992 0.513069064358302
4096 2.229190000000000 0.000781250000000 -1.505692964133303 0.000024811609939 0.743378775376177 0.000038804383096 3.743639841928234 0.188064700096255 9.156842357933648 0.457669355309542
4096 2.229190000000000 0.000929068000000 -1.506466718265534 0.000026178652189 0.744776655710181 0.000041240935927 3.935427480446446 0.203725885382660 9.766846743277776 0.488261990876771
4096 2.229190000000000 0.001104850000000 -1.507317677829279 0.000027151546821 0.746274698820692 0.000039047927966 4.127954465065191 0.207868560691729 8.537716550354380 0.426715840906528
4096 2.229190000000000 0.001313900000000 -1.508318305358564 0.000025089526932 0.748039925157434 0.000037325687717 3.823237610488742 0.176012851772137 8.461784893655301 0.422964808225993
4096 2.229190000000000 0.002209710000000 -1.512341188625739 0.000026572761061 0.754393666259684 0.000034471580181 3.937897272763126 0.209595692005415 6.626945541562107 0.330669239145546
4096 2.229190000000000 0.001562500000000 -1.509466742395599 0.000024348117776 0.749893657881357 0.000035001692887 3.645236027718886 0.205461070596337 7.533086703575935 0.376345143743318
4096 2.229190000000000 0.002627800000000 -1.514060022959275 0.000025635714209 0.756946791625574 0.000032996587050 3.640335968907076 0.195284435576743 6.030990819382917 0.301247154259288
4096 2.229190000000000 0.001858140000000 -1.510784421439580 0.000024906634114 0.752002620409770 0.000033817709843 3.870414001393365 0.189112167917905 7.135357337965558 0.356716420848475
4096 2.229190000000000 0.003125000000000 -1.516153615284470 0.000024730032243 0.759835914871362 0.000031062887051 3.631609789847160 0.192509057206081 5.729720641679783 0.286227070242743
4096 2.229190000000000 0.004419420000000 -1.521203436796862 0.000023888570710 0.766324461363501 0.000027444410447 3.281304245079738 0.165071129211352 4.330858355696162 0.216535276664078
4096 2.229190000000000 0.003716270000000 -1.518511867194813 0.000024372311412 0.762942468512406 0.000029742127928 3.679307469719766 0.189033650832716 5.479194529031073 0.273897609564854
4096 2.229190000000000 0.005255600000000 -1.524291407685150 0.000024212578290 0.769974579497211 0.000028178074700 3.145896394169600 0.165129306238480 4.260739396194102 0.212712023679041
4096 2.229190000000000 0.007432540000000 -1.531908312765389 0.000024970015976 0.778177632690312 0.000025245212161 3.341107458143989 0.173856649558268 3.415158411346650 0.170701115582801
4096 2.229190000000000 0.006250000000000 -1.527825295194237 0.000024116522868 0.773933104776463 0.000026340791937 3.221662236938958 0.160422939018039 3.843335345179502 0.191858773921653
4096 2.229190000000000 0.008838830000000 -1.536496696678316 0.000024026397500 0.782656846066710 0.000024471022399 3.062945311192880 0.170066000978674 3.177358039022169 0.158852507011305
4096 2.229190000000000 0.014865100000000 -1.554504524052331 0.000022455780379 0.797812475553435 0.000019873597462 2.869134512783106 0.166347898145778 2.247230306662996 0.112299866142217
4096 2.229190000000000 0.010511200000000 -1.541760340465630 0.000021470952554 0.787445796382737 0.000020555711150 3.074037464620131 0.151512838253620 2.817549432765839 0.140719379614783
4096 2.229190000000000 0.025000000000000 -1.580943512597401 0.000021663577369 0.815350034629484 0.000016088400520 2.634947619741426 0.136253176214818 1.453240110449690 0.072651094824427
4096 2.229190000000000 0.021022400000000 -1.571013948814145 0.000021540615583 0.809272278627155 0.000016236700210 2.811155767657140 0.147151000504044 1.597218141099781 0.079852142277638
4096 2.229190000000000 0.012500000000000 -1.547765254284624 0.000021423165114 0.792522596510822 0.000018955256743 2.974015524908232 0.135710858238585 2.328280514638605 0.116368220919103
4096 2.229190000000000 0.017677700000000 -1.562225848014640 0.000020474020691 0.803388551827946 0.000017270549151 2.618527732498170 0.133353302882512 1.863215962455732 0.093025571393694
4096 2.229190000000000 0.042044800000000 -1.619536267319494 0.000019140842297 0.835012936118813 0.000012373963791 2.219682102506174 0.114201440329415 0.927654748163617 0.046333481337665
4096 2.229190000000000 0.050000000000000 -1.636066960527202 0.000020484755998 0.842005032884039 0.000012536461105 2.321249051969551 0.113950908809398 0.869380838634294 0.043463358438902
4096 2.229190000000000 0.029730200000000 -1.592202624587075 0.000020808355681 0.821671924303589 0.000014492140014 2.483152010940521 0.124776628381649 1.204461225612763 0.060177174928941
4096 2.229190000000000 0.059460400000000 -1.654841172013984 0.000019757869109 0.849164550496735 0.000011028439237 2.291646471011538 0.118170889480973 0.713995577675721 0.035636887492532
4096 2.229190000000000 0.035355300000000 -1.604996964361433 0.000019752453305 0.828234426346904 0.000013104104236 2.381418655963591 0.115918425916943 1.048113565545771 0.052389334180927
4096 2.229190000000000 0.070710700000000 -1.676163037986913 0.000018309009644 0.856495981050161 0.000009916989152 2.023377353768714 0.100891725899695 0.593617717037146 0.029670791715593
4096 2.229190000000000 0.084089600000000 -1.700479388278239 0.000020057926130 0.864000022127964 0.000010424426485 1.907591656788188 0.099815096981501 0.515249644880464 0.025745755457061
4096 2.219190000000000 0.000020529700000 -1.517981641099029 0.000024691680416 0.755184395295202 0.000037564263036 3.645886858529417 0.166609842349655 8.438235437376253 0.421821043248165
4096 2.219190000000000 0.000024414100000 -1.518005012175036 0.000024312382832 0.755184553369714 0.000038824302561 3.601766068573585 0.170246443106235 9.184759239721807 0.458793007682197
4096 2.219190000000000 0.000034526700000 -1.517995779497446 0.000025375238907 0.755204916481050 0.000039019958350 3.616883351967319 0.218791155966277 8.552396476710056 0.427344236215242
4096 2.229190000000000 0.100000000000000 -1.728187055219790 0.000016019708494 0.871639871648398 0.000007763364001 1.800105423098186 0.092493607998351 0.422754871640377 0.021112393424439
4096 2.219190000000000 0.000029033400000 -1.518000527700610 0.000023834480933 0.755243607056446 0.000035708397881 3.680591575591841 0.179812718615390 8.261272765130034 0.413017505864092
4096 2.219190000000000 0.000048828100000 -1.518045058850168 0.000027269196129 0.755309971912332 0.000042122778061 3.744073014097133 0.224570135543547 8.933747015940025 0.446386424338496
4096 2.219190000000000 0.000041059400000 -1.518027785228418 0.000026315225067 0.755303028033228 0.000040834943116 3.800810414633613 0.211335011782092 9.152209224699380 0.456848126039452
4096 2.219190000000000 0.000058066800000 -1.518203704452690 0.000025461726717 0.755501076448219 0.000039709611589 3.901343426374087 0.196820227042057 9.489203386741949 0.474248007633274
4096 2.219190000000000 0.000069053400000 -1.518188877357576 0.000025073985083 0.755523006269588 0.000039212625401 3.816696975954841 0.208151216673213 9.334537303544844 0.466054198128264
4096 2.219190000000000 0.000097656300000 -1.518361433165786 0.000024201993783 0.755824034579062 0.000038160696608 3.697551015953040 0.192517673203131 9.192729322885834 0.458705763741416
4096 2.219190000000000 0.000116134000000 -1.518431397545674 0.000026054865679 0.755983305454254 0.000038447470111 3.844013498556116 0.206584165539985 8.370333517118913 0.418131976569370
4096 2.219190000000000 0.000082118800000 -1.518257743787632 0.000022869876411 0.755644870190486 0.000033634363833 3.902745190671866 0.192017926005452 8.441293434896824 0.421808305304679
4096 2.219190000000000 0.000138107000000 -1.518513210013789 0.000025304908025 0.756159627096993 0.000039575900368 3.383857853198757 0.168268526986600 8.276833007042354 0.413273241454961
4096 2.219190000000000 0.000164238000000 -1.518676373368149 0.000025245518485 0.756380614238916 0.000039382764729 3.734183888307537 0.195031682030939 9.087397256307879 0.453857449249918
4096 2.219190000000000 0.000195313000000 -1.518806449824674 0.000024959817693 0.756636109542607 0.000037177553688 3.767889987385700 0.175072184697251 8.359436730343406 0.417804758356789
4096 2.219190000000000 0.000232267000000 -1.518893925240194 0.000023358148723 0.756846168546964 0.000036783059885 3.398830129618522 0.158670732951889 8.428461925867580 0.420789066726921
4096 2.219190000000000 0.000464534000000 -1.520042294182888 0.000028393800754 0.758664797445771 0.000042201305571 3.821554090153129 0.210081621524660 8.441987867591036 0.421822311308543
4096 2.219190000000000 0.000390625000000 -1.519751725020206 0.000025411054420 0.758221510833511 0.000038122122104 3.553875104009250 0.188678880458375 7.998543749720162 0.399727677602409
4096 2.219190000000000 0.000276214000000 -1.519169133164316 0.000024530455256 0.757316116173312 0.000036546761183 3.853186553579975 0.218293900783871 8.552766395406216 0.427314382394004
4096 2.219190000000000 0.000328475000000 -1.519393547490240 0.000023372285414 0.757665134353871 0.000036031543199 3.361647536097654 0.156599778182003 7.989425290958462 0.399331231193748
4096 2.219190000000000 0.000552427000000 -1.520405630191327 0.000023763807292 0.759338469499188 0.000034349519373 3.321521362444585 0.174051010976093 6.939790108308324 0.346685222748805
4096 2.219190000000000 0.000656950000000 -1.520818131410911 0.000026024333003 0.760055335869353 0.000036555485370 3.850369998496051 0.208094896594978 7.597109028642262 0.379200642322201
4096 2.219190000000000 0.000781250000000 -1.521474342928381 0.000023959318748 0.761016995441623 0.000033433934512 3.554334045995487 0.178782621125967 6.921246005709477 0.345974458913324
4096 2.219190000000000 0.000929068000000 -1.522105335323878 0.000024227281673 0.761976785213697 0.000033507919696 3.505596104529368 0.177004099992085 6.705751144548240 0.335136780890858
4096 2.219190000000000 0.001104850000000 -1.522843348577978 0.000024265919759 0.763125845601288 0.000033742093027 3.512334962118914 0.167202170687113 6.791198885154405 0.339438381117534
4096 2.219190000000000 0.001858140000000 -1.525880551558721 0.000025857457404 0.767512094474838 0.000032898109089 3.371497787220036 0.188347432756286 5.457492101985559 0.272841229186984
4096 2.219190000000000 0.001313900000000 -1.523722900149430 0.000023728700942 0.764470269111802 0.000032462061094 3.460699422681588 0.170612176956512 6.476914085653694 0.323668355703443
4096 2.219190000000000 0.001562500000000 -1.524798270918867 0.000024438318078 0.765986683113236 0.000031183842711 3.535328688201514 0.178635824626638 5.756339946221505 0.287456676674895
4096 2.219190000000000 0.003125000000000 -1.530777955407066 0.000023208471049 0.773829937142731 0.000027660135392 3.001137946346134 0.155464881646734 4.262864224143725 0.212749404270811
4096 2.219190000000000 0.002627800000000 -1.528958203459319 0.000024183536746 0.771509978886223 0.000030031555390 3.386833203861732 0.168757469639513 5.222877385065762 0.260911558622089
4096 2.219190000000000 0.002209710000000 -1.527338019748422 0.000022637669630 0.769468929057485 0.000027554434019 3.417097963229064 0.165096733148114 5.062639275187748 0.252890802674330
4096 2.219190000000000 0.003716270000000 -1.532958818722084 0.000024244385283 0.776375689436236 0.000027367504881 3.612753320617716 0.185791678044592 4.603481087013527 0.230118251980786
4096 2.219190000000000 0.005255600000000 -1.538351491405584 0.000024203011902 0.782289808173262 0.000025601376225 3.330290193448026 0.182445824050304 3.726231848340700 0.186311355792018
4096 2.219190000000000 0.004419420000000 -1.535446559064359 0.000023257555063 0.779192713316548 0.000024689591760 3.414601292368074 0.159108293397347 3.848041105783602 0.192324330524426
<<<<<<< HEAD
4096 2.219190000000000 0.008838830000000 -1.549735822825833 0.000023786806372 0.793161835899090 0.000022041746961 3.118352541436563 0.155396508083611 2.677595455738619 0.133622932722448
4096 2.219190000000000 0.006250000000000 -1.541643294326231 0.000021360157718 0.785635919484961 0.000021797321264 3.249265670827936 0.163329002373242 3.383627627642942 0.169030759271938
4096 2.219190000000000 0.010511200000000 -1.554676931162415 0.000022544857291 0.797293150243588 0.000020227224855 2.774326612988058 0.145821780998698 2.233239040512960 0.111439021213091
4096 2.219190000000000 0.007432540000000 -1.545410311996429 0.000021272381192 0.789223900651988 0.000021618315243 2.894196311925552 0.143021358007449 2.989093246446864 0.149366580244723
4096 2.219190000000000 0.012500000000000 -1.560424316782508 0.000021664984675 0.801848002970218 0.000018368126619 2.835234343054517 0.146657585895092 2.037989384375364 0.101872921022335
4096 2.219190000000000 0.014865100000000 -1.566883291594430 0.000022345573385 0.806557430715574 0.000018795807410 2.702846846836780 0.140154530450667 1.912319283096788 0.095536094835798
4096 2.219190000000000 0.021022400000000 -1.582688941534065 0.000020292966601 0.816899870478449 0.000015415966416 2.310044763651389 0.125438721229150 1.333124855017193 0.066539581997771
4096 2.219190000000000 0.017677700000000 -1.574296720752813 0.000022510112688 0.811600068944911 0.000017932553209 2.922841637060389 0.148297717369283 1.854958523964569 0.092630265440627
4096 2.219190000000000 0.029730200000000 -1.603243897637254 0.000021300800476 0.828289935549537 0.000014861271372 2.493742855568577 0.125275664844381 1.213868801044648 0.060679116489774
4096 2.219190000000000 0.025000000000000 -1.592310408069129 0.000020292613632 0.822476494964676 0.000014709493152 2.499867138209340 0.124166210762454 1.313519036541729 0.065594183105896
4096 2.219190000000000 0.042044800000000 -1.629879313462146 0.000019997720011 0.840689605643021 0.000012349104767 2.349131859987390 0.118188716867978 0.895813036281308 0.044699862765174
4096 2.219190000000000 0.035355300000000 -1.615686974268102 0.000019056815658 0.834377013741201 0.000012651220708 2.372137272978753 0.122785680803313 1.045451803969734 0.052250631676752
4096 2.219190000000000 0.050000000000000 -1.646022790326810 0.000019694795185 0.847244698302190 0.000011651327259 2.337150438437629 0.116824453670445 0.817964644308818 0.040864140719112
4096 2.219190000000000 0.059460400000000 -1.664411303051749 0.000020021736244 0.853989134289627 0.000011049095527 2.094145863962901 0.108009749297778 0.637759465917159 0.031886272192616
4096 2.219190000000000 0.084089600000000 -1.709289099324750 0.000018951505532 0.868043446216454 0.000009242168530 1.993007358884735 0.101913887533735 0.473990062215067 0.023673554854870
4096 2.219190000000000 0.070710700000000 -1.685389133710676 0.000017250281444 0.860933351272053 0.000009280090680 1.970706212243363 0.099093576705978 0.570340162785060 0.028506441938108
4096 2.219190000000000 0.100000000000000 -1.736597091540317 0.000017248653447 0.875320411339784 0.000008449531889 1.752157976621989 0.084535194894908 0.420463368755840 0.021022087218322
4096 2.209190000000000 0.000024414100000 -1.533278440746098 0.000023150036762 0.771766547763019 0.000031068606411 3.544935619452983 0.196560463144120 6.384818098902877 0.318935333404513
4096 2.209190000000000 0.000029033400000 -1.533296987117195 0.000023583707927 0.771784173182120 0.000031013020446 3.472024812209869 0.184443488279140 6.004084222524027 0.300138469244890
4096 2.209190000000000 0.000034526700000 -1.533325869275931 0.000025908235101 0.771816892611238 0.000034313006774 3.833366352762006 0.200113813461763 6.723915079499804 0.335979022153397
4096 2.209190000000000 0.000020529700000 -1.533263107573290 0.000023110237875 0.771804102463390 0.000030505044168 3.674716643403579 0.195196394089641 6.402629056004344 0.319817638429194
4096 2.209190000000000 0.000041059400000 -1.533320750544352 0.000023362327994 0.771821165436249 0.000032281271300 3.651698973448030 0.178678192819385 6.972106223387918 0.348316624144394
4096 2.209190000000000 0.000048828100000 -1.533398643790640 0.000026696465051 0.771899219270776 0.000035306730296 4.129703610404182 0.225675733963042 7.223145535082613 0.360923017020443
4096 2.209190000000000 0.000058066800000 -1.533370038964605 0.000023771094095 0.771938536961874 0.000031622748781 3.536001016915599 0.184664134439443 6.257678904888674 0.312463266196963
4096 2.209190000000000 0.000069053400000 -1.533497317450223 0.000026099177228 0.772086233577945 0.000034722377302 3.636602100412910 0.207780650437079 6.436667215527938 0.321786993257846
4096 2.209190000000000 0.000082118800000 -1.533494821725156 0.000023778267330 0.772126564647577 0.000032879377232 3.387850528984625 0.175207544558656 6.477553317403569 0.323362654929764
4096 2.209190000000000 0.000097656300000 -1.533633351888797 0.000023360691475 0.772294103960980 0.000031479457198 3.568300050550125 0.184263326231746 6.479544085329417 0.323873408329232
4096 2.209190000000000 0.000116134000000 -1.533675408472069 0.000025026309289 0.772364475870194 0.000033411554033 3.719522544265468 0.194448224282567 6.629593990894351 0.331179446732442
4096 2.209190000000000 0.000138107000000 -1.533744022742900 0.000023652435150 0.772457468509674 0.000032501649151 3.522030224710816 0.180806532837330 6.650467164141078 0.332376686218812
4096 2.209190000000000 0.000232267000000 -1.534140413527258 0.000025180395216 0.773097722708773 0.000033608317612 3.534337117206944 0.194656947753828 6.296169812329766 0.314670802528588
4096 2.209190000000000 0.000195313000000 -1.533946860173118 0.000023671711920 0.772814118307691 0.000031061756236 3.655437180572879 0.218579428063855 6.294076329496958 0.314152915448157
4096 2.209190000000000 0.000164238000000 -1.533861202626266 0.000026848387725 0.772620812671909 0.000035532268497 4.116622939301751 0.210829281049930 7.210253568527453 0.359696663380016
4096 2.209190000000000 0.000276214000000 -1.534334366168194 0.000024575954519 0.773334580595466 0.000033173017463 3.816198379595781 0.199953258177376 6.953126140047866 0.347494168744423
4096 2.209190000000000 0.000328475000000 -1.534551277397631 0.000022602617439 0.773611586358248 0.000029469300871 3.635330389953273 0.165625544033047 6.179681378904703 0.308769218513163
4096 2.209190000000000 0.000390625000000 -1.534768956239826 0.000024801914427 0.773956157123629 0.000032129697505 3.634434393887064 0.186025662177897 6.099295824289552 0.304748826162132
4096 2.209190000000000 0.000464534000000 -1.535066149811166 0.000022272072550 0.774352400808625 0.000029230321214 3.104097143764825 0.158990852187484 5.346643342660028 0.266787095635198
4096 2.209190000000000 0.000656950000000 -1.535814020670744 0.000023432731375 0.775436409383752 0.000030344542762 3.344313819295348 0.171125746298542 5.608185771065328 0.280199736415242
4096 2.209190000000000 0.000552427000000 -1.535430285259189 0.000023274044601 0.774877072048829 0.000029586075574 3.665289272370875 0.193887285692730 5.922966220617608 0.296068052957679
4096 2.209190000000000 0.000781250000000 -1.536314604444493 0.000024872576910 0.776119665783376 0.000031953821399 3.467246783698158 0.192929462438953 5.722539458636475 0.285893834968589
4096 2.209190000000000 0.000929068000000 -1.536883577843159 0.000024381435127 0.776853613013052 0.000030494729906 3.530304048951279 0.185047212687514 5.522594582808744 0.275631902223554
4096 2.209190000000000 0.001313900000000 -1.538319446839786 0.000022519133628 0.778737550717922 0.000027906765172 3.134834286893760 0.170200846600509 4.814267613295256 0.240565987944554
4096 2.209190000000000 0.001858140000000 -1.540335157327917 0.000023189137410 0.781256549247278 0.000027819072869 3.413990377995082 0.178092564598694 4.913357997221316 0.245356166898311
4096 2.209190000000000 0.001104850000000 -1.537552473714840 0.000022927765507 0.777758369367904 0.000029262652090 3.417307459481776 0.189383139547128 5.566573653331307 0.278302934625354
4096 2.209190000000000 0.001562500000000 -1.539238968743834 0.000022577299447 0.779930071358464 0.000027529973002 3.240084014796381 0.163536276963265 4.817523659404730 0.240738043206405
4096 2.209190000000000 0.002627800000000 -1.543077796259063 0.000023786336446 0.784490018928606 0.000027086390250 3.312808411662238 0.166025969579722 4.295794205994662 0.214465143289938
4096 2.209190000000000 0.003125000000000 -1.544820572961834 0.000023513209529 0.786386769361448 0.000026517142488 3.237166467949794 0.161812427127638 4.117130659951063 0.205674464220485
4096 2.209190000000000 0.002209710000000 -1.541647835882428 0.000021419935856 0.782773503108320 0.000024649282524 3.264846370272407 0.160220460714531 4.323495222100982 0.216156287172958
4096 2.209190000000000 0.003716270000000 -1.546795343053581 0.000022203387131 0.788483265010712 0.000024060829385 3.174834872026627 0.170061846296877 3.728240042100228 0.186216939153175
4096 2.209190000000000 0.004419420000000 -1.549120048254337 0.000022298656771 0.790825963621633 0.000023532461576 2.990676336038420 0.149705906136771 3.330785959569300 0.166490038140767
4096 2.209190000000000 0.005255600000000 -1.551790477322492 0.000020677558924 0.793431978230897 0.000020658860122 2.980767089813066 0.146676737738132 2.975378487470962 0.148707968158945
4096 2.209190000000000 0.006250000000000 -1.554896171799909 0.000022601658057 0.796315819103674 0.000022027399635 2.936725180447772 0.148463589890445 2.789389546125130 0.139352394404326
4096 2.209190000000000 0.007432540000000 -1.558436388376348 0.000021549686078 0.799426225423813 0.000020320310151 2.817834632980196 0.136943550812623 2.505499216408444 0.125149978373616
4096 2.209190000000000 0.008838830000000 -1.562532733337234 0.000022688000654 0.802839122969529 0.000020849659266 2.943569236791141 0.139641824303493 2.485877521756735 0.124145268384520
4096 2.209190000000000 0.012500000000000 -1.572683112205022 0.000022069061036 0.810517240912367 0.000018781491709 2.559532410709349 0.126044799993888 1.853758209951569 0.092554084401232
4096 2.209190000000000 0.017677700000000 -1.585977959380476 0.000020762202367 0.819321125663672 0.000016295717494 2.373404018226628 0.124050314716136 1.462082260607479 0.073083068806440
4096 2.209190000000000 0.010511200000000 -1.567289523071883 0.000019618869098 0.806552945419995 0.000017628255110 2.578121325836726 0.125668011091740 2.081488740823850 0.104040556399158
4096 2.209190000000000 0.014865100000000 -1.578873806998685 0.000020614637312 0.814772164444564 0.000016371113660 2.649606503288744 0.127590639710206 1.671038406913654 0.083385256721101
4096 2.209190000000000 0.029730200000000 -1.614021912020582 0.000018343257059 0.834630257228636 0.000012606545101 2.028898093815442 0.105129922112279 0.958295598555246 0.047836524287729
4096 2.209190000000000 0.021022400000000 -1.594130567772312 0.000020328433845 0.824154907319604 0.000014672302411 2.570268954370753 0.119479062119781 1.338958967779617 0.066924687423155
4096 2.209190000000000 0.035355300000000 -1.626112215103129 0.000019056920472 0.840245239675780 0.000012212014559 2.231211768897106 0.111758472437443 0.916241535653436 0.045740773872402
4096 2.209190000000000 0.025000000000000 -1.603382174389999 0.000020519318181 0.829245413320010 0.000014212946517 2.746665944754979 0.144367093515063 1.317796150720722 0.065771667014526
4096 2.209190000000000 0.042044800000000 -1.639962702597336 0.000018925740380 0.846129011960677 0.000011512057543 2.200599983062377 0.116572097722309 0.814219037196304 0.040639239942570
4096 2.209190000000000 0.059460400000000 -1.673783133562725 0.000020531261533 0.858630151546972 0.000011420931410 2.116018971570217 0.109365049114051 0.654773860429880 0.032694931097504
4096 2.209190000000000 0.070710700000000 -1.694397962256387 0.000018957279286 0.865194610433081 0.000010367079423 1.885892317128757 0.098760117552483 0.563998210491876 0.028164279536396
4096 2.209190000000000 0.084089600000000 -1.717920542190697 0.000019352532077 0.871955532401148 0.000009767514686 1.945443045114735 0.096969216741361 0.495576922807856 0.024722710798328
4096 2.209190000000000 0.050000000000000 -1.655759881404657 0.000018464641269 0.852275534356526 0.000010563037359 2.156818389905529 0.110475041927723 0.705845191028546 0.035269486909777
4096 2.209190000000000 0.100000000000000 -1.744846753082328 0.000017874962185 0.878891822391963 0.000008389072262 1.759199517505114 0.087147092274670 0.387483045479501 0.019369476020164
4096 2.199190000000000 0.000020529700000 -1.547707659472402 0.000024453062069 0.785948631221319 0.000029365288769 3.526169123536913 0.182971317115526 5.085166644663885 0.254012085479724
4096 2.199190000000000 0.000024414100000 -1.547746828426692 0.000022510030514 0.785966112891173 0.000028282362098 3.250912700168110 0.154802347368452 5.131974575342785 0.256589242550217
4096 2.199190000000000 0.000029033400000 -1.547759696125458 0.000021741108276 0.786006710834281 0.000026883461162 3.097516764790889 0.155173456577392 4.736097907388682 0.236468220989441
4096 2.199190000000000 0.000058066800000 -1.547812055396448 0.000024919893549 0.786096616680794 0.000031426908801 3.373102225345536 0.167084185179969 5.364638573665266 0.268071485574646
4096 2.199190000000000 0.000034526700000 -1.547767089817893 0.000024454669321 0.786023557869493 0.000029191728936 3.576817616110711 0.189160566923599 5.096744253152550 0.254554381896248
4096 2.199190000000000 0.000041059400000 -1.547780411335306 0.000022710102564 0.786016554808346 0.000028418168859 3.108296406777580 0.147667716882986 4.867168886361044 0.242861589744074
4096 2.199190000000000 0.000048828100000 -1.547809049433709 0.000023240409308 0.786045138818631 0.000028000568654 3.407612467430732 0.166903192478929 4.946481124654067 0.246991892041061
4096 2.199190000000000 0.000082118800000 -1.547975106114612 0.000023874372410 0.786242777664849 0.000030027782228 3.400382911792154 0.164377329298508 5.379109833861807 0.268445900483984
4096 2.199190000000000 0.000097656300000 -1.547997579529431 0.000024409085246 0.786309869158759 0.000029763666062 3.313505382846035 0.171204963492654 4.926715893220795 0.246169085992598
4096 2.199190000000000 0.000069053400000 -1.547898436417656 0.000021809933014 0.786197390945377 0.000026334878750 3.287713802932082 0.170206200017071 4.793447640225840 0.239521109283566
4096 2.199190000000000 0.000116134000000 -1.548071304200932 0.000021816568300 0.786412994671760 0.000027408161641 3.097269893734947 0.147026510852715 4.888391596820871 0.244399820884558
4096 2.199190000000000 0.000138107000000 -1.548135191617346 0.000022148766296 0.786465130696583 0.000026066030865 3.356979338869597 0.158772218526575 4.649426614480010 0.232325005760101
4096 2.199190000000000 0.000164238000000 -1.548260915979021 0.000026269637239 0.786664042954564 0.000031273237570 3.590456502547814 0.184611077031715 5.088469861649992 0.254264201424217
4096 2.199190000000000 0.000276214000000 -1.548647381382526 0.000023717909596 0.787121206068146 0.000028711067169 3.377417077021622 0.172162840716702 4.949149201487610 0.247194153557772
4096 2.199190000000000 0.000328475000000 -1.548834811924083 0.000023535712093 0.787357462811752 0.000027803534660 3.220081032974407 0.170038337327122 4.493783421220919 0.224377366969544
4096 2.199190000000000 0.000232267000000 -1.548490788149408 0.000022046771801 0.786941306473427 0.000025840063992 3.303884539753080 0.163613838490892 4.538601137168273 0.226883041255271
4096 2.199190000000000 0.000195313000000 -1.548351136277483 0.000023803538125 0.786731131970883 0.000027944182196 3.453718626080543 0.177948725024257 4.759778376255354 0.237471647117378
4096 2.199190000000000 0.000464534000000 -1.549347234558238 0.000023947131793 0.788011478366275 0.000027781007993 3.604884580890905 0.191588982565441 4.851548244716015 0.242525514936538
4096 2.199190000000000 0.000390625000000 -1.549076074143094 0.000023708199677 0.787637381136877 0.000028564718918 3.331772316442044 0.192801610652539 4.836576623347007 0.241472305180640
4096 2.199190000000000 0.000656950000000 -1.550026182304937 0.000023962641575 0.788803706470841 0.000028188303435 3.180263816988620 0.175430857101518 4.400800084576263 0.219764583556889
4096 2.199190000000000 0.000552427000000 -1.549642691767803 0.000023539406492 0.788349555690232 0.000026793426750 3.347906670874512 0.185477905128739 4.337493611383048 0.216633879458236
4096 2.199190000000000 0.000781250000000 -1.550440239628976 0.000023860705687 0.789271476523330 0.000027946857676 3.331340890901034 0.170473033525665 4.570023930937803 0.228261783655962
4096 2.199190000000000 0.000929068000000 -1.550960268384443 0.000023346871413 0.789924813825873 0.000026983126512 3.280888942501569 0.162963948453572 4.382467320336142 0.219052049950017
4096 2.199190000000000 0.001104850000000 -1.551596896865406 0.000024502742903 0.790617733392664 0.000027815949572 3.403105116702942 0.192022707584475 4.385647665028480 0.219182515066372
4096 2.199190000000000 0.001313900000000 -1.552336764654136 0.000022786526476 0.791494309217080 0.000025711060998 3.097563026222621 0.150974104442153 3.943700217155158 0.197098116511541
4096 2.199190000000000 0.001858140000000 -1.554179170047976 0.000023826042337 0.793500897548344 0.000024867730205 3.222062035227137 0.156527484617178 3.509961666386865 0.175310243426722
4096 2.199190000000000 0.003125000000000 -1.558292090828072 0.000024202167369 0.797705010000595 0.000024478995467 3.159257881398079 0.158641152413496 3.231943362704343 0.161577925376369
4096 2.199190000000000 0.001562500000000 -1.553155168184587 0.000023210245579 0.792366798413106 0.000024584175446 3.201504176582729 0.166142149072579 3.591748299246420 0.179320561712766
4096 2.199190000000000 0.002627800000000 -1.556663620246735 0.000023394369528 0.796107703867093 0.000023926756643 2.960234189185393 0.149484711278961 3.096499712041980 0.154612816530387
4096 2.199190000000000 0.002209710000000 -1.555313586358058 0.000021925484776 0.794688946996418 0.000022895944970 3.205287467299445 0.158465322488922 3.495310178868469 0.174607297836088
4096 2.199190000000000 0.003716270000000 -1.560114398293740 0.000021797947076 0.799476127491176 0.000022568238149 2.718626806714841 0.134075705257148 2.914162191325148 0.145515497361912
4096 2.199190000000000 0.004419420000000 -1.562265886194608 0.000021554030442 0.801473916340206 0.000020669732709 3.040894937202815 0.143418940654917 2.796495680715104 0.139759738026345
4096 2.199190000000000 0.005255600000000 -1.564786967192902 0.000021883018495 0.803690690565580 0.000020998382338 2.962732577528921 0.146214236835139 2.728033356556873 0.136331272306128
4096 2.199190000000000 0.006250000000000 -1.567690895274479 0.000020638384582 0.806161857698624 0.000019799684131 2.511817256253826 0.134036137317652 2.311815448985403 0.115337828961645
4096 2.199190000000000 0.008838830000000 -1.574923272870193 0.000020203836836 0.811865290053762 0.000017547865597 2.587771185633089 0.130593715779601 1.952121148579933 0.097606007388755
4096 2.199190000000000 0.007432540000000 -1.571074741611620 0.000020239261450 0.808925802993988 0.000018504488731 2.781227223911158 0.137928163849237 2.324884227222547 0.116241033607763
4096 2.199190000000000 0.010511200000000 -1.579450208757115 0.000021058475339 0.815156063007325 0.000018088379686 2.621879303907268 0.144030438783409 1.934452977829771 0.096638567175471
4096 2.199190000000000 0.014865100000000 -1.590529353369706 0.000021323655969 0.822491503389259 0.000016141607541 2.632826581331786 0.127075418254545 1.508663862073507 0.075404313949761
4096 2.199190000000000 0.017677700000000 -1.597391581000586 0.000022319264462 0.826624609285326 0.000017125517586 2.542394954793676 0.133645740342718 1.496823778824089 0.074807758856307
4096 2.199190000000000 0.012500000000000 -1.584636454821282 0.000020404344431 0.818714778544832 0.000016519198258 2.613980063649727 0.124838789957080 1.713305898452001 0.085502930602248
4096 2.199190000000000 0.025000000000000 -1.614229334061114 0.000018183068185 0.835697568953035 0.000012704020661 2.217074840264468 0.108058705273990 1.082252011715587 0.054082320268618
4096 2.199190000000000 0.029730200000000 -1.624581422265865 0.000019996883622 0.840683497171453 0.000013488248476 2.290982222175349 0.118761266911140 1.042337101275305 0.052116569560759
4096 2.199190000000000 0.042044800000000 -1.649855252775755 0.000021754978610 0.851393993880397 0.000012834542252 2.325200097432599 0.123127049594359 0.809289264349599 0.040399691474088
4096 2.199190000000000 0.035355300000000 -1.636371339892551 0.000018634482418 0.845903973083447 0.000011458239351 2.111300907178418 0.097696940224676 0.798272641360763 0.039856014857194
4096 2.199190000000000 0.021022400000000 -1.605243953816273 0.000019552716276 0.831014821844068 0.000013936405726 2.449912800034180 0.116903004720444 1.244623488102442 0.062221891822878
4096 2.199190000000000 0.059460400000000 -1.683005182705142 0.000019131036698 0.863127927915424 0.000010558934066 1.965652814705295 0.101366679637743 0.598783685512586 0.029910079949299
4096 2.199190000000000 0.050000000000000 -1.665332992026602 0.000017565758712 0.857150191140461 0.000009950160145 1.951396403371160 0.094591518841934 0.626140528846005 0.031306668431862
4096 2.199190000000000 0.070710700000000 -1.703250184040969 0.000017516873816 0.869342848754451 0.000008792646407 1.816486055035865 0.096534600582938 0.457675939974823 0.022872081447766
4096 2.199190000000000 0.100000000000000 -1.752960774580000 0.000017596386688 0.882375703649481 0.000008214084739 1.747977580398806 0.087273074804748 0.380896709871940 0.019041899807663
4096 2.199190000000000 0.084089600000000 -1.726434751661557 0.000017538955389 0.875774341550741 0.000008706887587 1.856269693793538 0.096749113163621 0.457466716678685 0.022834506672214
4096 2.189190000000000 0.000029033400000 -1.561487094184679 0.000022526600553 0.798347421097599 0.000024824046212 2.971126309392750 0.153407151141497 3.608069886027269 0.180058045593634
4096 2.189190000000000 0.000041059400000 -1.561549492010261 0.000023266236665 0.798435563078294 0.000026566013267 3.015943032651160 0.151720249611297 3.932091556080895 0.196191842480628
4096 2.189190000000000 0.000058066800000 -1.561590758074142 0.000024003576358 0.798509004075876 0.000027084615196 3.139481639124105 0.166674709923335 3.997158598620549 0.199768544439561
4096 2.189190000000000 0.000034526700000 -1.561494668138610 0.000023492209003 0.798409810494482 0.000026927553990 3.150942115194198 0.174143120321116 4.139868284535495 0.206859835977548
4096 2.189190000000000 0.000020529700000 -1.561460492280075 0.000021144909223 0.798351506211540 0.000024225546842 3.011875150894384 0.142523530328428 3.953415800018940 0.197446930863419
4096 2.189190000000000 0.000048828100000 -1.561521894949266 0.000023185555909 0.798408550807044 0.000025833340647 3.069218020904203 0.156819327632126 3.810253357895872 0.190442833064879
4096 2.189190000000000 0.000024414100000 -1.561468375519068 0.000022314178835 0.798354539733666 0.000025422575993 3.171022202293275 0.159181274769404 4.116011433165283 0.205760628547260
4096 2.189190000000000 0.000082118800000 -1.561639901120310 0.000024164809911 0.798549389701160 0.000026551224217 3.087822285955450 0.161483280624717 3.727817402676533 0.186298287216787
4096 2.189190000000000 0.000069053400000 -1.561614631025301 0.000023049271982 0.798535808546854 0.000026147034193 3.078028672199517 0.161228709893341 3.960984157809612 0.197727566963772
4096 2.189190000000000 0.000138107000000 -1.561836857718548 0.000022779254836 0.798743367659581 0.000025186332611 3.058030456096946 0.163455836464047 3.738459230041879 0.186831580639203
4096 2.189190000000000 0.000164238000000 -1.561926626178318 0.000024528857043 0.798861372553069 0.000027147555484 3.338332808964843 0.176694560363934 4.089182234268271 0.204216919296374
4096 2.189190000000000 0.000097656300000 -1.561689756956673 0.000021983206710 0.798616357688389 0.000025086535130 3.007284783385424 0.148412612824568 3.916280892893331 0.195738395709530
4096 2.189190000000000 0.000116134000000 -1.561735424418670 0.000020327004522 0.798675968376873 0.000022620665692 3.210858469426645 0.155974037688653 3.976355071543332 0.198817190493209
4096 2.189190000000000 0.000195313000000 -1.562033328001457 0.000022465809541 0.798996207493437 0.000025683070903 3.005395311326900 0.147224725226796 3.927818040491401 0.196126825229605
4096 2.189190000000000 0.000232267000000 -1.562164727785101 0.000025036026367 0.799117868109262 0.000027009598942 3.304879879399209 0.175734160673098 3.846459371588193 0.191941894309268
4096 2.189190000000000 0.000328475000000 -1.562481779253925 0.000023276545574 0.799489662502752 0.000025706108573 3.010311951229149 0.159263605099333 3.671530343842007 0.183413569403754
4096 2.189190000000000 0.000276214000000 -1.562286293682704 0.000023378007455 0.799252410442538 0.000025754333912 3.183208003797614 0.163371309713866 3.863230995427071 0.192932621410833
4096 2.189190000000000 0.000390625000000 -1.562695145731408 0.000021523207741 0.799721640929943 0.000023681624504 2.907597836471702 0.138892061984605 3.520005348295929 0.175796910632114
4096 2.189190000000000 0.000464534000000 -1.562918493279395 0.000020556182855 0.799962906486992 0.000023067216874 3.124990476146004 0.146876513781206 3.935085303023985 0.196633793748886
4096 2.189190000000000 0.000552427000000 -1.563243216918824 0.000021505489676 0.800294166331870 0.000023661197364 2.998509816218743 0.142372360974575 3.629779466653441 0.181343646585015
4096 2.189190000000000 0.000656950000000 -1.563564530923972 0.000021590696081 0.800672248852106 0.000024321128681 2.890135803871700 0.145001354224016 3.667350451017847 0.183363733599470
4096 2.189190000000000 0.000781250000000 -1.563976939955206 0.000023502878943 0.801044800490883 0.000025017990976 3.225771042054284 0.160225104562072 3.655074847008964 0.182617333920156
4096 2.189190000000000 0.001562500000000 -1.566389587043457 0.000023516884897 0.803536672653122 0.000024117189818 2.979554628307475 0.152227874280863 3.133611616130141 0.156659429662906
4096 2.189190000000000 0.000929068000000 -1.564451615217325 0.000023169804671 0.801596014864914 0.000024059236519 3.406524542353079 0.173264141237483 3.673080615880860 0.183558671210282
4096 2.189190000000000 0.001104850000000 -1.564994818330645 0.000022645087812 0.802150336164720 0.000024246397689 3.006393983652829 0.150962583350293 3.446611428804359 0.172151751155825
4096 2.189190000000000 0.001313900000000 -1.565663931027063 0.000021847832583 0.802786533429366 0.000023429937520 2.743559745172046 0.137071816310202 3.155294966284172 0.157758642973619
4096 2.189190000000000 0.001858140000000 -1.567359081567809 0.000022327796781 0.804461655123481 0.000023871461317 2.766092810663841 0.142315177875361 3.161789972031742 0.158067795845407
4096 2.189190000000000 0.002627800000000 -1.569670692260838 0.000024869897753 0.806633039487279 0.000024083720361 3.175844593213722 0.158732947282975 2.978231102785361 0.148693541285558
4096 2.189190000000000 0.002209710000000 -1.568405937615512 0.000023281610498 0.805466823584163 0.000023552221793 3.148702901238232 0.155020420676689 3.222325519918816 0.160925461373519
4096 2.189190000000000 0.003125000000000 -1.571153289879678 0.000022099963443 0.807960821038437 0.000021212381791 2.863393178550568 0.141038701360613 2.638011872419899 0.131857149303281
4096 2.189190000000000 0.003716270000000 -1.572925001318835 0.000023695546791 0.809508193024370 0.000022743870180 2.956151224025511 0.146919206253030 2.723465717949854 0.135969237433987
4096 2.189190000000000 0.004419420000000 -1.574946226930243 0.000022919352284 0.811221150740423 0.000020443896634 2.789808254527847 0.135106601476756 2.219714033750911 0.110925066813482
4096 2.189190000000000 0.007432540000000 -1.583246503519989 0.000021286120240 0.817648672127310 0.000018737855738 2.399426824390842 0.126791595642903 1.859320551537492 0.092796848048816
4096 2.189190000000000 0.006250000000000 -1.580052299122422 0.000022339847386 0.815261250878466 0.000019816685242 2.684936112737514 0.134454398914984 2.112689019301828 0.105617579774636
4096 2.189190000000000 0.008838830000000 -1.586907888760020 0.000023590309541 0.820266679236326 0.000019625919353 2.686855241591164 0.140369510239434 1.859674814785902 0.092982423944152
4096 2.189190000000000 0.005255600000000 -1.577301357518091 0.000021794172924 0.813123335618802 0.000019803473537 2.842943698609011 0.148477586639740 2.347308756598403 0.117232763028807
4096 2.189190000000000 0.010511200000000 -1.591216133776484 0.000022044595643 0.823199823957866 0.000017855694688 2.655401793981420 0.137595994888725 1.742125641258009 0.087002327122596
4096 2.189190000000000 0.021022400000000 -1.616076948978773 0.000021291080552 0.837550612802278 0.000014698883517 2.317168843124924 0.116891285200513 1.104411628630924 0.055214624128352
4096 2.189190000000000 0.012500000000000 -1.596184296237179 0.000019024084643 0.826366967101430 0.000014818429751 2.382523227132983 0.117092762062606 1.445552853838475 0.072258241279886
4096 2.189190000000000 0.014865100000000 -1.601890292317445 0.000021328647096 0.829802995884056 0.000015754177689 2.872699963456147 0.141870655954616 1.567310817187684 0.078345613083354
4096 2.189190000000000 0.017677700000000 -1.608543945332632 0.000018829625950 0.833574354103010 0.000013511880277 2.372105877951354 0.107693869435192 1.221468470090914 0.061035393104039
4096 2.189190000000000 0.029730200000000 -1.634850349057004 0.000018530563885 0.846446228055965 0.000012101583145 2.189460108040031 0.110038146306069 0.933779089940069 0.046674467575365
4096 2.189190000000000 0.042044800000000 -1.659539638237101 0.000017943367006 0.856434174232289 0.000010704335926 1.939397656526976 0.097813166757596 0.690205547923235 0.034446609471518
4096 2.189190000000000 0.025000000000000 -1.624805330661120 0.000017245069142 0.841859318420467 0.000011861233009 2.110460882400479 0.103418174474299 0.998405815517203 0.049876752345217
4096 2.189190000000000 0.050000000000000 -1.674677393817566 0.000017592050049 0.861838336864459 0.000009907096190 2.030220032865471 0.099687165550614 0.643877077701324 0.032168764797908
4096 2.189190000000000 0.035355300000000 -1.646317618535877 0.000017119395293 0.851286068201881 0.000010650484714 1.967511985198063 0.098557955339842 0.761516457030779 0.038074640926920
4096 2.189190000000000 0.070710700000000 -1.711931319137137 0.000018495710220 0.873357269993128 0.000009556329599 1.824684172395118 0.091991971960353 0.487110981292942 0.024346630502741
4096 2.189190000000000 0.084089600000000 -1.734781938304854 0.000017818877811 0.879459406022972 0.000008724196857 1.720348977192691 0.085470606514228 0.412388710328433 0.020600409544267
4096 2.189190000000000 0.059460400000000 -1.692038679602541 0.000017974653058 0.867468903351468 0.000009626330003 2.221006943583932 0.107462392559242 0.637016050129815 0.031845129833649
4096 2.189190000000000 0.100000000000000 -1.760954994338507 0.000018249921639 0.885770487750431 0.000008540380887 1.740775729560475 0.088941548437687 0.381219664543212 0.019053891704049
4096 2.179190000000000 0.000020529700000 -1.574516720723611 0.000022192166686 0.809321415017951 0.000023119027058 2.665505206307201 0.141681833271047 2.892805471128018 0.144448633408579
4096 2.179190000000000 0.000029033400000 -1.574570316608157 0.000021903537988 0.809343263351669 0.000022266378154 2.833013885736808 0.138317360297305 2.927651131827983 0.146237857585663
4096 2.179190000000000 0.000024414100000 -1.574563635289714 0.000022201557504 0.809337105800644 0.000022017911819 2.914425134970623 0.148576988461613 2.866409765590858 0.143109174226415
4096 2.179190000000000 0.000041059400000 -1.574629218262257 0.000022620359596 0.809434005005718 0.000023451296645 2.871781121390249 0.147641713875963 3.086640480108211 0.154269938510238
4096 2.179190000000000 0.000034526700000 -1.574569773397094 0.000020797728890 0.809373927710320 0.000021508408280 2.803939994968043 0.124465545238054 2.998840957784973 0.149918330480137
4096 2.179190000000000 0.000058066800000 -1.574671257717843 0.000023245447692 0.809439883232118 0.000023675453719 3.115892357215939 0.163179211648504 3.232237298734487 0.161312567153749
4096 2.179190000000000 0.000069053400000 -1.574686469461408 0.000020815222181 0.809492189625658 0.000022202324058 2.765294761764146 0.134416980431633 3.146126664484774 0.157213393601075
4096 2.179190000000000 0.000097656300000 -1.574785079407691 0.000023623897691 0.809581362835078 0.000024192532481 3.213878858424177 0.157366913709874 3.370459105355971 0.168214812773500
4096 2.179190000000000 0.000082118800000 -1.574743930682671 0.000021390596115 0.809540028688383 0.000021621675174 2.885057517253010 0.139010816722385 2.947727801794096 0.147371843334687
4096 2.179190000000000 0.000048828100000 -1.574620805558484 0.000021058958570 0.809403523287777 0.000021683125331 3.059190970036648 0.144666781740767 3.243221186891184 0.161899278893973
4096 2.179190000000000 0.000138107000000 -1.574910427384673 0.000023247992909 0.809682191051373 0.000023961214934 2.737925465807311 0.141937900329993 2.908495270255538 0.145413315618137
4096 2.179190000000000 0.000116134000000 -1.574866754900686 0.000021413517167 0.809657420042895 0.000021706132291 2.940666756173213 0.141131421131645 3.021584132078954 0.150789124617351
4096 2.179190000000000 0.000164238000000 -1.575003751005972 0.000022127193726 0.809775694177792 0.000023058508685 2.676306344647946 0.131456944103264 2.906334376572448 0.145305706221699
4096 2.179190000000000 0.000232267000000 -1.575195565694004 0.000021499956396 0.809978922883286 0.000021759341806 2.928867952750522 0.141210385601739 2.999964686195551 0.149924602764715
4096 2.179190000000000 0.000195313000000 -1.575100505235531 0.000021182693973 0.809910031581861 0.000021430494928 2.988156161792458 0.139607509154388 3.058477628032420 0.152919787807148
4096 2.179190000000000 0.000276214000000 -1.575339950698501 0.000020659474512 0.810086093204362 0.000021219855865 2.756927217402927 0.127862019235156 2.908517081561077 0.145399807788775
4096 2.179190000000000 0.000328475000000 -1.575493419544861 0.000021281962474 0.810276251006645 0.000021770657499 2.876749811667486 0.149622559230170 3.010383590766146 0.150318992420103
4096 2.179190000000000 0.000464534000000 -1.575914155075643 0.000022753278096 0.810679375308834 0.000023505072077 2.905629771740616 0.148376212600033 3.100812466912358 0.154946867982348
4096 2.179190000000000 0.000781250000000 -1.576815768989427 0.000024422376357 0.811529684066773 0.000024735964874 3.026119348514543 0.157068255830382 3.104330302787768 0.155012062664936
4096 2.179190000000000 0.000390625000000 -1.575714490044711 0.000022811555921 0.810486968767130 0.000022894435646 3.345192319932103 0.164863498518023 3.369544211776722 0.168472480043770
4096 2.179190000000000 0.000656950000000 -1.576482042846299 0.000021449590605 0.811235157597449 0.000021767684722 2.741597998012540 0.140569908763760 2.823515892128916 0.141140530357615
4096 2.179190000000000 0.000929068000000 -1.577321575816488 0.000022456999727 0.812001651864711 0.000022497881030 2.861513201859847 0.144950522434647 2.871941029936589 0.143283861983718
4096 2.179190000000000 0.000552427000000 -1.576155316412324 0.000021349297235 0.810886083755638 0.000021678050440 2.779183019536243 0.132596273341935 2.865434101567169 0.143049178112749
4096 2.179190000000000 0.001562500000000 -1.579169053834507 0.000024956266559 0.813651155843967 0.000024798041877 2.944098941774979 0.162924098014993 2.906885649242640 0.145240675120457
4096 2.179190000000000 0.001313900000000 -1.578443117592027 0.000022601005597 0.812990280673327 0.000021165368772 3.071364485500172 0.169481833141004 2.693565320962665 0.134604421843509
4096 2.179190000000000 0.001104850000000 -1.577808294317147 0.000020896897189 0.812427217561539 0.000020673404948 2.750057119428210 0.135909042116081 2.691547976919389 0.134469659130595
4096 2.179190000000000 0.001858140000000 -1.580022158620745 0.000022089073821 0.814399104613763 0.000020261893567 2.888724678259712 0.145074192892243 2.430587151991971 0.121486502797395
4096 2.179190000000000 0.002627800000000 -1.582204091653455 0.000021683845639 0.816241214294796 0.000020402236499 2.660631641973065 0.140439939947756 2.355416390106571 0.117591174381571
4096 2.179190000000000 0.002209710000000 -1.581000776852798 0.000020827453290 0.815237561358681 0.000019875913983 2.634960687535922 0.136780041555774 2.399694847261335 0.119978823509751
4096 2.179190000000000 0.003125000000000 -1.583642257835127 0.000022275587957 0.817420942869690 0.000019506094041 2.739064795823031 0.149814760554307 2.100315713720360 0.104980917272214
4096 2.179190000000000 0.007432540000000 -1.595033212743463 0.000023097519406 0.825811070044599 0.000018679605882 2.764206883795931 0.147659824421966 1.807903646066144 0.090328269388367
4096 2.179190000000000 0.003716270000000 -1.585252205084226 0.000021962669734 0.818711160503804 0.000019397227296 2.788913196961804 0.137206675568831 2.175424650409731 0.108756240979547
4096 2.179190000000000 0.005255600000000 -1.589412363793661 0.000022149289749 0.821866395532108 0.000019065850144 2.760970615310133 0.138692771282783 2.045759261336875 0.102184179873334
4096 2.179190000000000 0.004419420000000 -1.587156492804046 0.000021285690631 0.820177254995850 0.000019183526114 2.916127897215773 0.134543409185898 2.368579418977891 0.118256362168181
4096 2.179190000000000 0.006250000000000 -1.592024066226845 0.000019177240691 0.823737407833162 0.000016727087262 2.446305992687337 0.116289021157835 1.861140612759830 0.093042431320448
4096 2.179190000000000 0.012500000000000 -1.607427110746132 0.000019748883514 0.833588848757272 0.000014617751944 2.423167467752964 0.118088425935517 1.327576355884275 0.066361281629962
4096 2.179190000000000 0.008838830000000 -1.598569588181340 0.000019967986305 0.828154274210873 0.000016085293400 2.544766092744169 0.124994678636666 1.651343050506936 0.082526463268357
4096 2.179190000000000 0.010511200000000 -1.602700414172421 0.000019799315546 0.830768383207496 0.000015537498906 2.456685473139401 0.119836407300878 1.512904189855358 0.075597420558269
4096 2.179190000000000 0.017677700000000 -1.619304882495881 0.000021004153868 0.840086508145991 0.000014572975002 2.550792420218794 0.123627608096821 1.227894843231052 0.061357593654865
4096 2.179190000000000 0.014865100000000 -1.612942052004249 0.000017906805956 0.836699566383402 0.000013189029177 2.337819800116657 0.113217897935659 1.268237047803267 0.063381257285335
4096 2.179190000000000 0.021022400000000 -1.626636374305540 0.000018309737401 0.843763639630400 0.000012676913655 2.031251796002969 0.097518812959906 0.973703196039448 0.048650025616951
4096 2.179190000000000 0.025000000000000 -1.635102150588284 0.000019173828008 0.847713425736616 0.000012391152632 2.230327662197848 0.107868157032758 0.931481919032120 0.046564711124272
4096 2.179190000000000 0.035355300000000 -1.656109384474982 0.000018782898661 0.856484831409690 0.000011388134306 2.197346523660475 0.104971927058721 0.807752816350754 0.040372052929616
4096 2.179190000000000 0.029730200000000 -1.644891222060491 0.000019593585248 0.851962945649080 0.000011857740675 2.210824242027410 0.109491807224195 0.809711472955766 0.040407240157339
4096 2.179190000000000 0.050000000000000 -1.683850300121307 0.000017509888055 0.866354464848837 0.000009841431438 1.767963747169715 0.084347001065626 0.558499975947702 0.027879532711855
4096 2.179190000000000 0.042044800000000 -1.669009613410985 0.000017650326152 0.861273548599833 0.000010402734526 1.770054466537233 0.092795134221528 0.614859930464684 0.030694397316764
4096 2.179190000000000 0.059460400000000 -1.700896030321809 0.000017417584694 0.871675759856471 0.000009165266373 1.838126486116736 0.089354674860392 0.508967104515898 0.025436172924561
4096 2.179190000000000 0.070710700000000 -1.720507852053993 0.000017283977090 0.877261203878068 0.000008606056404 1.913530940439380 0.092987630558192 0.474412912536502 0.023706646517650
4096 2.169190000000000 0.000020529700000 -1.587072621939446 0.000020451769946 0.819212087118144 0.000019022784635 2.720696486696903 0.140255855114590 2.353783316648163 0.117652461306339
4096 2.179190000000000 0.084089600000000 -1.743012857866006 0.000015364423971 0.883070926468037 0.000007495939517 1.572075760808342 0.079010678184166 0.374190755074716 0.018698477611286
4096 2.179190000000000 0.100000000000000 -1.768836331007096 0.000016145327792 0.889078635670419 0.000007360963284 1.723898516510512 0.085137984203872 0.358333379510661 0.017915543251222
4096 2.169190000000000 0.000029033400000 -1.587098909916269 0.000020440027870 0.819240313018781 0.000019775162568 2.643252022453160 0.127795292261897 2.474091349504489 0.123665942850400
4096 2.169190000000000 0.000034526700000 -1.587161200921750 0.000020779975156 0.819288279515941 0.000020148814576 2.735245121007376 0.129507394513464 2.571610583279569 0.128476310009944
4096 2.169190000000000 0.000024414100000 -1.587104402766121 0.000019241269767 0.819244487465277 0.000018266066950 2.809045454172884 0.131743952849271 2.531520216017075 0.126474448172581
4096 2.169190000000000 0.000041059400000 -1.587160379598020 0.000021634383928 0.819303727588773 0.000020586141168 2.946698975953564 0.138203649753825 2.668066195574252 0.133341207067347
4096 2.169190000000000 0.000048828100000 -1.587209046189028 0.000022032132793 0.819321523912695 0.000021275037585 2.830783979990739 0.149196752089294 2.639576906681301 0.131961722555759
4096 2.169190000000000 0.000058066800000 -1.587153757490795 0.000020964187678 0.819309094540719 0.000020763389870 2.695575916825208 0.140708218790052 2.644186033562189 0.132204178713460
4096 2.169190000000000 0.000069053400000 -1.587293729515702 0.000021410199841 0.819427116005744 0.000020985748720 2.669677002931520 0.129416501159860 2.564875063533406 0.128065413457471
4096 2.169190000000000 0.000082118800000 -1.587303481971463 0.000021459089061 0.819420731187767 0.000020125537001 2.824347005203843 0.143803629686244 2.484222232326298 0.124112715550493
4096 2.169190000000000 0.000097656300000 -1.587311920397877 0.000019849703747 0.819430752564932 0.000020030309553 2.392213945398818 0.130056940117221 2.435943893581817 0.121788446197432
4096 2.169190000000000 0.000164238000000 -1.587506162990900 0.000022967518554 0.819595415476058 0.000021800646331 2.843696426011282 0.145760330068623 2.562086684114241 0.128021754206514
4096 2.169190000000000 0.000116134000000 -1.587371942530859 0.000020381603339 0.819472901532057 0.000019980516871 2.673143781758859 0.133267576970949 2.568970196903348 0.128420734602478
4096 2.169190000000000 0.000138107000000 -1.587391778218528 0.000021395147042 0.819497647769119 0.000020295930159 2.719030464347685 0.144050114587031 2.446816732902699 0.122294892522615
4096 2.169190000000000 0.000276214000000 -1.587843020462947 0.000024683603309 0.819904190093867 0.000023175328132 3.100739718632094 0.159823953487434 2.733379794193191 0.136391081917598
4096 2.169190000000000 0.000232267000000 -1.587720226869341 0.000020856332039 0.819794911167477 0.000020141229811 2.819305804824792 0.141415835688367 2.629288793970596 0.131364180415102
4096 2.169190000000000 0.000464534000000 -1.588379850987840 0.000022632331267 0.820332889571055 0.000021042235243 2.662258104278284 0.137202401805685 2.301311026511152 0.114945674849649
4096 2.169190000000000 0.000328475000000 -1.587981252038633 0.000022108896330 0.819999310490896 0.000020615687674 2.797616292595013 0.142629031471312 2.432482217903637 0.121392829438652
4096 2.169190000000000 0.000195313000000 -1.587608078803788 0.000019125145230 0.819705602027275 0.000018780271640 2.613989007531849 0.127393647515392 2.520565646452209 0.125984142935526
4096 2.169190000000000 0.000390625000000 -1.588123392837474 0.000021130133974 0.820137193209024 0.000020543370613 2.717700135273211 0.140687522579254 2.568860003057094 0.128346366234274
4096 2.169190000000000 0.000552427000000 -1.588593241384436 0.000021705848228 0.820552787761272 0.000020815905272 2.671036365773339 0.130837628022697 2.456500645805077 0.122812004506317
4096 2.169190000000000 0.000781250000000 -1.589222974150882 0.000021184867522 0.821060231649406 0.000019157844453 2.828990024276766 0.141110118024995 2.313519671582484 0.115635105032603
4096 2.169190000000000 0.000929068000000 -1.589641724306945 0.000019903996606 0.821423499086654 0.000018867922361 2.537074480812777 0.123705048856680 2.279821264402475 0.113815418190955
4096 2.169190000000000 0.000656950000000 -1.588896628632628 0.000020678522193 0.820800194243119 0.000019510732584 2.787974990086488 0.138638774814352 2.481972869280203 0.124001877938174
4096 2.169190000000000 0.001313900000000 -1.590677507853086 0.000021568455372 0.822261141252149 0.000019145908186 2.781249078995730 0.141349468902278 2.191561891842048 0.109561187564427
4096 2.169190000000000 0.001104850000000 -1.590151591867322 0.000019721331916 0.821823742825197 0.000018309187684 2.565924174140907 0.127123958870514 2.211614795027549 0.110464080399746
4096 2.169190000000000 0.001562500000000 -1.591441413322297 0.000022912653560 0.822863760586532 0.000020358592527 3.004725475930608 0.153932148452777 2.372190281205741 0.118449608016944
4096 2.169190000000000 0.002627800000000 -1.594249094978775 0.000023385027305 0.825043684474085 0.000020240610221 2.846512722052065 0.147212942022491 2.132478050787256 0.106576353634369
4096 2.169190000000000 0.002209710000000 -1.593170034059318 0.000021240063003 0.824239588724940 0.000019277801923 2.648351826184681 0.131788178134350 2.181619995558187 0.108943407933103
4096 2.169190000000000 0.001858140000000 -1.592195586800506 0.000020118330804 0.823495736603126 0.000018624604567 2.510617550481839 0.120579508808333 2.151645858562018 0.107522885289490
4096 2.169190000000000 0.003716270000000 -1.597152718574633 0.000022671118823 0.827198649339581 0.000019181761409 2.774748537672429 0.140452484625796 1.986345058912620 0.099291813897957
4096 2.169190000000000 0.004419420000000 -1.598993071209800 0.000022394896439 0.828498568252428 0.000018594515273 2.812279141961148 0.149989922757367 1.938786700410037 0.096815338548994
4096 2.169190000000000 0.003125000000000 -1.595583443664679 0.000019033382604 0.826044137156411 0.000016738383150 2.490898429144188 0.124470336411039 1.926420419293061 0.096207699975075
4096 2.169190000000000 0.012500000000000 -1.618355456470806 0.000022233696497 0.840403150892403 0.000015899764931 2.496656701408044 0.122583540236405 1.276782409577850 0.063769666601358
4096 2.169190000000000 0.005255600000000 -1.601049329198018 0.000021886166089 0.829890009262833 0.000017814652191 2.789694587344381 0.135678062470573 1.848297916287730 0.092287309401197
4096 2.169190000000000 0.008838830000000 -1.609842546632977 0.000019483074181 0.835512564534147 0.000015369736281 2.304660334159388 0.115311293617075 1.434249775662682 0.071663660755519
4096 2.169190000000000 0.007432540000000 -1.606499465025119 0.000019734762905 0.833480252176712 0.000015147251517 2.379650735790914 0.121674766176101 1.401900101695781 0.070013641540243
4096 2.169190000000000 0.006250000000000 -1.603581285015274 0.000020115890291 0.831606166616916 0.000016062297442 2.463063176265323 0.122383083456491 1.570407506292379 0.078506382562140
4096 2.169190000000000 0.014865100000000 -1.623689915788884 0.000019245043487 0.843223960548640 0.000014027760170 2.288794889869231 0.104757362427763 1.216034078921821 0.060739139866417
4096 2.169190000000000 0.010511200000000 -1.613799673436508 0.000018101288586 0.837852970000063 0.000013565402213 2.252905876699737 0.101319453462691 1.265288070575500 0.063222559597730
4096 2.169190000000000 0.017677700000000 -1.629811762155928 0.000018741767398 0.846306062386699 0.000013047591950 2.216835911682969 0.108233235294855 1.074417796523661 0.053705686906122
4096 2.169190000000000 0.021022400000000 -1.636960583083194 0.000018873069702 0.849680252069114 0.000012628314480 2.157094403246468 0.103844613274232 0.965772514320038 0.048259409852918
4096 2.169190000000000 0.025000000000000 -1.645188130940369 0.000019171235273 0.853319270178776 0.000012250825698 2.114927244045495 0.110321119680328 0.863626499155120 0.043143091762765
4096 2.169190000000000 0.042044800000000 -1.678322214163585 0.000018478015731 0.865979377965670 0.000010891016864 1.951539768118465 0.093854258088038 0.677959267354087 0.033896559970135
4096 2.169190000000000 0.029730200000000 -1.654675706148978 0.000018052237596 0.857241161915201 0.000010881363689 2.233151082262874 0.108889054387171 0.811376969249928 0.040494868639700
4096 2.169190000000000 0.035355300000000 -1.665647982843009 0.000017940682626 0.861450143363499 0.000010416160920 2.168295079757346 0.105748525545919 0.730896393155334 0.036518256790161
4096 2.169190000000000 0.070710700000000 -1.728842489793428 0.000018275620920 0.881016910927636 0.000008965587370 1.805692359393146 0.087337840618572 0.434567228464744 0.021723334726100
4096 2.169190000000000 0.050000000000000 -1.692845063029652 0.000017483912479 0.870715673317384 0.000009536521652 1.846505407453503 0.089665102353826 0.549355319775939 0.027456312298274
4096 2.169190000000000 0.100000000000000 -1.776586856986539 0.000017301959927 0.892306161649298 0.000007725835774 1.678614276597641 0.086615728714766 0.334696563508317 0.016701316813372
4096 2.169190000000000 0.084089600000000 -1.751026813424001 0.000018186478030 0.886546661997251 0.000008584388036 1.783003866430986 0.090877754421349 0.397259015174436 0.019860006244751
4096 2.169190000000000 0.059460400000000 -1.709594569428963 0.000016644003763 0.875744865054176 0.000008701084399 1.797628205611451 0.092147530400258 0.491282195923778 0.024555336261293
=======
>>>>>>> 19b9e75413387000fb5628fafa1d031726c01fca
