1024 2.229190000000000 0.000020529700000 -1.501739940581551 0.000100422033623 0.735467715608147 0.000191169133472 3.472337511435163 0.189550643403662 12.583441990278754 0.628764095898364
1024 2.219190000000000 0.000020529700000 -1.518005962253309 0.000098776791846 0.755157550175985 0.000153037643944 3.646630360251091 0.182599899974885 8.753433807766132 0.437289863248400
1024 2.199190000000000 0.000020529700000 -1.547833021825124 0.000094262363724 0.786099708243592 0.000114168534696 3.397724653443549 0.162479527702812 4.984302404899251 0.248983998721895
1024 2.249190000000000 0.000020529700000 -1.465016604427843 0.000112311721794 0.676420190573033 0.000332894172651 4.751549966518076 0.230598088726247 41.744332001518593 2.086228308575196
1024 2.169190000000000 0.000020529700000 -1.587095094291796 0.000080917888406 0.819307228217379 0.000078304111648 2.617561603072204 0.130959909850899 2.451189925378940 0.122540664824137
1024 2.189190000000000 0.000020529700000 -1.561515527463438 0.000089340999869 0.798360984926691 0.000099775854310 3.043204535960373 0.144385241550947 3.795599977732081 0.189479050454949
1024 2.179190000000000 0.000020529700000 -1.574503202872623 0.000084868373992 0.809302737044342 0.000086405544707 2.789924555864819 0.134558229486707 2.891904326928067 0.144341087825314
1024 2.239190000000000 0.000020529700000 -1.484474901849901 0.000104067406762 0.710702629548958 0.000230805621373 4.204292887398529 0.201148422974150 20.680272733495475 1.033743906646947
1024 2.209190000000000 0.000020529700000 -1.533260285229161 0.000090880219154 0.771846248326676 0.000127124571012 3.485036547128888 0.163596102894957 6.819108589224342 0.340654771108031
1024 2.259190000000000 0.000020529700000 -1.443508237289468 0.000095547187705 0.624536835586208 0.000460449558641 5.127059341235046 0.202384245267420 119.068435870145919 5.952546314907378
1024 2.229190000000000 0.000024414100000 -1.501802921360844 0.000106684936404 0.735251731559878 0.000198005973892 3.913599765996707 0.202324895040642 13.481145330609648 0.674032627346270
1024 2.219190000000000 0.000024414100000 -1.518161305406152 0.000093176614776 0.755174893599291 0.000146850279411 3.622263052032002 0.170159710726191 8.997372156724568 0.449434294994978
1024 2.249190000000000 0.000024414100000 -1.464914116043716 0.000112566139455 0.676632046389890 0.000337596648776 4.542716693329997 0.226838871644408 40.859811885507249 2.040876162552697
1024 2.169190000000000 0.000024414100000 -1.587073368708599 0.000081656493169 0.819230054056353 0.000077653417507 2.759037057916892 0.131339139149094 2.495153289612281 0.124690828445296
1024 2.199190000000000 0.000024414100000 -1.547715578384967 0.000085084532102 0.785848870311429 0.000104688929356 3.382707659324744 0.165173495203026 5.121117654553347 0.255918698780381
1024 2.239190000000000 0.000024414100000 -1.484233711304334 0.000109959647326 0.710497614311151 0.000240092876116 4.348473861417324 0.212810470695072 20.731404986945506 1.034607792932428
1024 2.189190000000000 0.000024414100000 -1.561327472369178 0.000081584290495 0.798310518817947 0.000094522532979 2.744938958227302 0.125005917677274 3.684599691688465 0.184219864013361
1024 2.179190000000000 0.000024414100000 -1.574620898521076 0.000082296261825 0.809458010328671 0.000087022643700 2.763509012621323 0.128562255030255 3.090047915267338 0.154405970293225
1024 2.209190000000000 0.000024414100000 -1.533313607771601 0.000083304014772 0.771768575685555 0.000119449062141 3.280636011195777 0.149241275637848 6.745150922473245 0.336906128209894
1024 2.229190000000000 0.000029033400000 -1.501719768700607 0.000100875688553 0.735370892698658 0.000181291736549 3.800549153886018 0.190733933716275 12.275221783343049 0.612845815999301
1024 2.189190000000000 0.000029033400000 -1.561469564221348 0.000097624666848 0.798393367249289 0.000111462221752 2.953519672689706 0.146349032716868 3.850136520751185 0.192306232740523
1024 2.259190000000000 0.000024414100000 -1.443479586406787 0.000094537988089 0.623950460682745 0.000451913567185 5.338735616878206 0.208635235712534 121.993435744599864 6.097337489621343
1024 2.249190000000000 0.000029033400000 -1.465138482965828 0.000108500708351 0.676574449963805 0.000324817975195 4.555300261946944 0.216184253307846 40.825543139888190 2.038671522093146
1024 2.219190000000000 0.000029033400000 -1.518048005920588 0.000091516061801 0.755323007566119 0.000143184554377 3.446817008837802 0.161186118913055 8.437541579312171 0.421796619372679
1024 2.169190000000000 0.000029033400000 -1.587347186059285 0.000081160472540 0.819392438204783 0.000078142053112 2.528203079332119 0.121935241746856 2.343648395818974 0.117118819582719
1024 2.199190000000000 0.000029033400000 -1.547777864258716 0.000086953691720 0.786009745742336 0.000109040392938 2.970574326819895 0.144652017058455 4.671315372728031 0.233293426766840
1024 2.179190000000000 0.000029033400000 -1.574551990332316 0.000080679098958 0.809441860408001 0.000083181561982 2.740532441844505 0.127587284573809 2.913177932885889 0.145636434928287
1024 2.209190000000000 0.000029033400000 -1.533274898087670 0.000096001355138 0.771801180184169 0.000126547990819 3.687645341551427 0.173749041854565 6.407740683531707 0.320096068039685
1024 2.239190000000000 0.000029033400000 -1.484286538063193 0.000092823523312 0.710542488843203 0.000214228894302 4.127629417158868 0.181192100978891 21.985720045979644 1.099149069133686
1024 2.229190000000000 0.000034526700000 -1.501787606864981 0.000094696587353 0.735490372932415 0.000170858983044 3.716185565909667 0.172588369455614 12.097743430518962 0.604068349311451
1024 2.189190000000000 0.000034526700000 -1.561370056050413 0.000085058450198 0.798332174175882 0.000099395392125 2.793099649135100 0.131667301507187 3.814029099407044 0.190432194527615
1024 2.249190000000000 0.000034526700000 -1.465164724880468 0.000100815923174 0.676909067691903 0.000305561705698 4.430407186320083 0.192529241255207 40.698952494308671 2.033999903542213
1024 2.199190000000000 0.000034526700000 -1.547791963302068 0.000092223392945 0.785951868864404 0.000116247265802 3.004952154026446 0.159122638414230 4.774422662422170 0.238452643050304
1024 2.219190000000000 0.000034526700000 -1.518049993135222 0.000094352733682 0.755117449079240 0.000144656484244 3.676426045382770 0.177901994495155 8.641570365520572 0.431120062595168
1024 2.169190000000000 0.000034526700000 -1.587180582290800 0.000086210623017 0.819354982595482 0.000086397676816 2.651430505495268 0.136652196032470 2.662948765831302 0.132990800037778
1024 2.209190000000000 0.000034526700000 -1.533385053358894 0.000102262527350 0.771902381951082 0.000134674985891 3.494399442161706 0.179069224858360 6.060568736166441 0.302846749379809
1024 2.179190000000000 0.000034526700000 -1.574674525726040 0.000085181755602 0.809436258595340 0.000088914404757 2.786126818278206 0.131444514028689 3.035651822253160 0.151689124249312
1024 2.259190000000000 0.000029033400000 -1.443720270858480 0.000096405068061 0.625360564555018 0.000462645285778 5.215226661529450 0.213556030736006 120.107392731729519 6.004436502861643
1024 2.229190000000000 0.000041059400000 -1.501741083147219 0.000094822832314 0.735677480428839 0.000174161572189 3.747247648105899 0.171876342752998 12.641284980440741 0.631991675624532
1024 2.239190000000000 0.000034526700000 -1.484496815349862 0.000099674035224 0.710895203255317 0.000225062821573 4.126640807716915 0.195960140622764 21.039727256751053 1.051854526772406
1024 2.189190000000000 0.000041059400000 -1.561398928683232 0.000090770459481 0.798268536303907 0.000105934593399 2.963776583042568 0.149297048717292 4.036751382038656 0.201767427494910
1024 2.199190000000000 0.000041059400000 -1.547727817368730 0.000091716485103 0.785905978634913 0.000114363177815 2.988052607393767 0.158411514041068 4.645857269333556 0.232098070200276
1024 2.219190000000000 0.000041059400000 -1.518147522878766 0.000100671694172 0.755479452561361 0.000153930325699 3.749574121536985 0.191817867329939 8.766284582694688 0.437823436876760
1024 2.209190000000000 0.000041059400000 -1.533319775614452 0.000089366590441 0.771927963182763 0.000125883664089 3.119730346491278 0.141102478265873 6.190210685597962 0.309182190146581
1024 2.169190000000000 0.000041059400000 -1.587098267749361 0.000083502495993 0.819225423476276 0.000084376066402 2.689701749923031 0.130367026728091 2.746273337556334 0.137189970367846
1024 2.249190000000000 0.000041059400000 -1.465105991191663 0.000103268913246 0.677302857219870 0.000292802485779 4.892243683914286 0.228197381776917 39.329496498477909 1.965416768881867
1024 2.179190000000000 0.000041059400000 -1.574692879033389 0.000080712460338 0.809527741597951 0.000083490692344 2.774145648177651 0.142866545533503 2.968412225298854 0.148359885974192
1024 2.229190000000000 0.000048828100000 -1.501711990997062 0.000105478734043 0.735496374276970 0.000189694613622 3.872704537123951 0.196609867741323 12.525484832165938 0.625724314620347
1024 2.189190000000000 0.000048828100000 -1.561611003990609 0.000082682615847 0.798489089523043 0.000094990019236 2.930676683010835 0.144166201020467 3.868079969332309 0.193378443909591
1024 2.239190000000000 0.000041059400000 -1.484421839929585 0.000092145935160 0.710816113823856 0.000203046574672 3.864805086806584 0.171555643729754 18.765777694685156 0.936631883837529
1024 2.209190000000000 0.000048828100000 -1.533425646962945 0.000090928831725 0.771840293686112 0.000116126870258 3.017841363290683 0.149223504479529 4.922192874449943 0.245834996402177
1024 2.199190000000000 0.000048828100000 -1.547833757734306 0.000085602732675 0.785996869921246 0.000106228973379 2.837059525675824 0.143191313687060 4.368970972171365 0.218314106881932
1024 2.259190000000000 0.000034526700000 -1.443691132027509 0.000088889324997 0.625249210841659 0.000410253721917 5.372593688120266 0.195376122796513 114.443159853818742 5.720826540737697
1024 2.219190000000000 0.000048828100000 -1.517989077597687 0.000092554975703 0.755246198572818 0.000143646511007 3.412184795472197 0.158341048256985 8.219079195551345 0.410730979620225
1024 2.169190000000000 0.000048828100000 -1.587309670299293 0.000078027801203 0.819447182144320 0.000074967094524 2.584018229486332 0.130740731568472 2.385273560307173 0.119175510652408
1024 2.229190000000000 0.000058066800000 -1.501888814515669 0.000097786045301 0.735821786261958 0.000171909594274 3.643272126479114 0.168672589004858 11.259991862601341 0.561874430423394
1024 2.179190000000000 0.000048828100000 -1.574594821651473 0.000082993524091 0.809430600356141 0.000087866893250 2.760820871782647 0.143667505213569 3.094570346419149 0.154613720013774
1024 2.249190000000000 0.000048828100000 -1.465436496644295 0.000099315549052 0.677560270294662 0.000295902682130 4.740966978118566 0.212870017414010 42.085281658170068 2.103992212269404
1024 2.199190000000000 0.000058066800000 -1.547756755558570 0.000092098024885 0.785938986877101 0.000115742408295 2.883548922639775 0.142995819024632 4.554196030064173 0.227413580495029
1024 2.189190000000000 0.000058066800000 -1.561638837239766 0.000089888013215 0.798510310673478 0.000099541672875 3.123155119272751 0.152876979950307 3.830009600466729 0.191452972490119
1024 2.239190000000000 0.000048828100000 -1.484474299764781 0.000103634555307 0.710821886185032 0.000235168045501 4.305185891739079 0.202154067020312 22.168655344051846 1.107098397978714
1024 2.209190000000000 0.000058066800000 -1.533399709068913 0.000088365233157 0.772019745295924 0.000123419894809 3.205869261725742 0.155458208130071 6.253934032202930 0.312514610892332
1024 2.169190000000000 0.000058066800000 -1.587319592329575 0.000092851368690 0.819408078702108 0.000085831052242 2.888099650918273 0.149648365066869 2.467882212499103 0.123182956257224
1024 2.179190000000000 0.000058066800000 -1.574552376222886 0.000086296493466 0.809385637847744 0.000088959541958 2.805775226405506 0.137290502748619 2.981615615353009 0.148990564437388
1024 2.219190000000000 0.000058066800000 -1.518215813142303 0.000091637613267 0.755671071071249 0.000143473705729 3.638499343090762 0.170801748188367 8.919066326855219 0.445180368819169
1024 2.229190000000000 0.000069053400000 -1.501992714793951 0.000096090138385 0.735830912550338 0.000174542866647 3.648293343832495 0.173189595971756 12.037500606849781 0.600866850139961
1024 2.259190000000000 0.000041059400000 -1.443727015506126 0.000095888175135 0.626343790586893 0.000433343581602 5.253337662392832 0.193424325084573 107.292643610073767 5.364455245881457
1024 2.249190000000000 0.000058066800000 -1.465386385980720 0.000109916849210 0.677754232420016 0.000326179844093 4.804534784519768 0.220395463917296 42.309417104539897 2.112748746323248
1024 2.199190000000000 0.000069053400000 -1.547909557701755 0.000090930020308 0.786147947990799 0.000113122914859 2.984335306339541 0.145751086371065 4.618853791727365 0.230556056974002
1024 2.209190000000000 0.000069053400000 -1.533406520211165 0.000099416719019 0.771940321112837 0.000133996513841 3.283853221669467 0.177944914108770 5.965569143354403 0.297878693137164
1024 2.189190000000000 0.000069053400000 -1.561643262532089 0.000086008326293 0.798530347978621 0.000096823309393 2.926695217212273 0.143538823918796 3.708995873746694 0.185061471499989
1024 2.169190000000000 0.000069053400000 -1.587209722813336 0.000082837833975 0.819342918153023 0.000082454897881 2.600613731729021 0.128031409792723 2.576625488551270 0.128769171586440
1024 2.219190000000000 0.000069053400000 -1.518440060480623 0.000100293223468 0.755849628574799 0.000155272668679 3.583603501914806 0.189112323599958 8.589478699176121 0.429233053401794
1024 2.179190000000000 0.000069053400000 -1.574664613296066 0.000083615757914 0.809361366881537 0.000089489898875 2.607250622410231 0.134779804128578 2.986445221162473 0.149189424694996
1024 2.239190000000000 0.000058066800000 -1.484340735874121 0.000090626757803 0.710932097068200 0.000207200355578 3.996109696160166 0.177328141266470 20.888415981029858 1.044242042779065
1024 2.229190000000000 0.000082118800000 -1.502300716072693 0.000103608218476 0.736232951947837 0.000184817310896 3.958742942173525 0.190496088799953 12.596624507374820 0.628550828001153
1024 2.199190000000000 0.000082118800000 -1.547957632014108 0.000092675552525 0.786309503814549 0.000111358529671 3.370290718169858 0.158373548718854 4.866132975271192 0.243243256283956
1024 2.259190000000000 0.000048828100000 -1.443895966068630 0.000102484298755 0.627016957273189 0.000445005899211 5.669457951321033 0.241852002303996 106.895250032041702 5.344245857539723
1024 2.209190000000000 0.000082118800000 -1.533641807059628 0.000089440723089 0.772303765363032 0.000124629650299 3.064156780173232 0.153643225041254 5.949536485137132 0.297182414966434
1024 2.169190000000000 0.000082118800000 -1.587269893772060 0.000082108228484 0.819409752137566 0.000079357444518 2.528933475390823 0.124795042428609 2.362323602811648 0.117992590219195
1024 2.249190000000000 0.000069053400000 -1.465518167363749 0.000090991812618 0.678619750448175 0.000262322131974 4.566286398626086 0.176842545788273 37.951450619928451 1.897351008014345
1024 2.189190000000000 0.000082118800000 -1.561631359918563 0.000083232250136 0.798633135958202 0.000093902621943 2.876860653513972 0.134438685093044 3.661769412885098 0.182963092179080
1024 2.219190000000000 0.000082118800000 -1.518246794044102 0.000099080152501 0.755567361187461 0.000156121117242 3.497438650396275 0.166655353989637 8.683605269040184 0.433827989351981
1024 2.229190000000000 0.000097656300000 -1.502240480547804 0.000104964472118 0.736214480918662 0.000190307733299 3.902406041051094 0.191874620415785 12.828050955828772 0.641401161654038
1024 2.179190000000000 0.000082118800000 -1.574764309702309 0.000079873531995 0.809557437896729 0.000085946006134 2.686078171512754 0.117687706458605 3.110027785438468 0.155425467859631
1024 2.239190000000000 0.000069053400000 -1.484609367729311 0.000094849808432 0.711380614925494 0.000213976953138 4.158139317444908 0.190834450666691 21.162166082296210 1.057869008862440
1024 2.209190000000000 0.000097656300000 -1.533799727937659 0.000095705444110 0.772398124167144 0.000132977500465 3.012821243984912 0.156157153270157 5.816428717057922 0.290641834649122
1024 2.199190000000000 0.000097656300000 -1.547928497737305 0.000086759400945 0.786261245852610 0.000107415615306 3.061394387613528 0.148689928481310 4.692681009054247 0.234404793740638
1024 2.219190000000000 0.000097656300000 -1.518285246401299 0.000103777275428 0.755743534424726 0.000164894108593 3.455252022647505 0.173816556772113 8.723393821735534 0.435389273891110
1024 2.229190000000000 0.000116134000000 -1.501940822710599 0.000103988065496 0.735965532604832 0.000189733580685 3.753843710504752 0.177947928809001 12.496764759081678 0.623763334202359
1024 2.169190000000000 0.000097656300000 -1.587225479457554 0.000084511223694 0.819461570548258 0.000079433173783 2.610074450764997 0.127881424892591 2.305833506547636 0.115236934228075
1024 2.189190000000000 0.000097656300000 -1.561838012256593 0.000087116588454 0.798845449501196 0.000100891378057 2.973524224341701 0.150313895294376 3.988208633836699 0.199134859887753
1024 2.259190000000000 0.000058066800000 -1.444086212217716 0.000104239470994 0.627874277908980 0.000488553402281 5.179430349458996 0.219796652926040 113.773648150092200 5.682406006922380
1024 2.249190000000000 0.000082118800000 -1.465558024096149 0.000108544788858 0.678559732117108 0.000311785081892 4.905047129402450 0.230151394929620 40.470250371658743 2.021213721725220
1024 2.179190000000000 0.000097656300000 -1.574675325481963 0.000084296907936 0.809586258031638 0.000087010435879 2.684094252795192 0.130521802579184 2.859678177376784 0.142878931463891
1024 2.209190000000000 0.000116134000000 -1.533789881959168 0.000087397310696 0.772465292823235 0.000125458214152 2.733595990318462 0.135653828663476 5.632956441274078 0.281618015683020
1024 2.219190000000000 0.000116134000000 -1.518515409690372 0.000095720794357 0.756180680464337 0.000146857092765 3.636614790023614 0.176583851670629 8.560015786789954 0.427578785903404
1024 2.199190000000000 0.000116134000000 -1.547935319427384 0.000085452323260 0.786208518533146 0.000110452930995 2.955919489116709 0.140033859828920 4.938548704714358 0.246718845014354
1024 2.239190000000000 0.000082118800000 -1.484927918105626 0.000089635604735 0.711839450668148 0.000202916531117 4.010765565972917 0.164905643433099 20.554221427524322 1.026840213349443
1024 2.229190000000000 0.000138107000000 -1.502496454424703 0.000094664539665 0.736766143709596 0.000165684500830 3.599857855517759 0.182122458869412 11.027433948912636 0.551208483753736
1024 2.169190000000000 0.000116134000000 -1.587335553253376 0.000081518028302 0.819439553768833 0.000076163087746 2.746475743850258 0.139899351245973 2.397493947591193 0.119874419036157
1024 2.189190000000000 0.000116134000000 -1.561901178098553 0.000085590735797 0.798869763887845 0.000095988093844 2.961504685011322 0.147498381398549 3.724720070298029 0.185997909084390
1024 2.249190000000000 0.000097656300000 -1.465738525608326 0.000106656709543 0.679721098679763 0.000291304883536 4.958630444899095 0.229131298083967 36.989708676068354 1.849311661781478
1024 2.179190000000000 0.000116134000000 -1.574859985649469 0.000084272484798 0.809593357869767 0.000088663624580 2.774804844201376 0.131341102571683 3.071509110832753 0.153490935851464
1024 2.209190000000000 0.000138107000000 -1.533936498582470 0.000090799127157 0.772697125451039 0.000125442762726 3.228376226545282 0.145630749827939 6.161862651841036 0.307612260087925
1024 2.259190000000000 0.000069053400000 -1.444350493656138 0.000093063442919 0.629472687417399 0.000412172341665 5.093097637431009 0.195362019350245 99.903674566474479 4.994217046983853
1024 2.199190000000000 0.000138107000000 -1.548071483333246 0.000090217626972 0.786380612834566 0.000115616747658 2.957160738721837 0.139247554922406 4.856614467597859 0.242502210164601
1024 2.219190000000000 0.000138107000000 -1.518394981979181 0.000098431925668 0.755803268133791 0.000148168695711 3.735661772789361 0.169281542611976 8.464640171207654 0.422565315030908
1024 2.189190000000000 0.000138107000000 -1.561749057026489 0.000095691677937 0.798760266875120 0.000110873628659 3.035085234665269 0.156668798626565 4.074544587952773 0.203696253025519
1024 2.239190000000000 0.000097656300000 -1.484837485142529 0.000100119956492 0.712212460080230 0.000214146401228 3.708321362955377 0.181790754860065 16.965146700095076 0.848203943835362
1024 2.229190000000000 0.000164238000000 -1.502564500620958 0.000095902161639 0.737025353143800 0.000166794391946 3.664316937588551 0.165322362679708 11.084066592809801 0.553998138144240
1024 2.169190000000000 0.000138107000000 -1.587483783158910 0.000077763756875 0.819601714890887 0.000075687954339 2.487633217195118 0.118407430607478 2.356597511010246 0.117771278533953
1024 2.209190000000000 0.000164238000000 -1.533813616221770 0.000088463726832 0.772615991550843 0.000116373592316 3.064440943187103 0.152206749057963 5.303098264382786 0.265098634943518
1024 2.249190000000000 0.000116134000000 -1.465927572424316 0.000094181702674 0.679923361557598 0.000272267596688 4.160110105951915 0.197170823733589 34.766715661335049 1.736485181693783
1024 2.179190000000000 0.000138107000000 -1.574996936080946 0.000080553269387 0.809877049404642 0.000085246363889 2.869370775323824 0.132120622397022 3.213453756566421 0.160459451224807
1024 2.189190000000000 0.000164238000000 -1.561959548932409 0.000090214997127 0.799022417142030 0.000104092298541 3.028969886477605 0.147915485728905 4.032502763392908 0.201230363402895
1024 2.219190000000000 0.000164238000000 -1.518843343656627 0.000095753566497 0.756449870574169 0.000148157186735 3.374837002031888 0.167471471862926 8.079571525395169 0.403664832042954
1024 2.199190000000000 0.000164238000000 -1.548387836967362 0.000090728073647 0.786853837910219 0.000110916032614 3.296854852005850 0.158927242440413 4.927255703232057 0.246238222505083
1024 2.259190000000000 0.000082118800000 -1.444431458433892 0.000101148276662 0.629676333899571 0.000426945334289 5.299419828763773 0.223615311597877 94.418238678670932 4.719985775028803
1024 2.239190000000000 0.000116134000000 -1.485147362037966 0.000111872928691 0.712877657624329 0.000234785730153 4.301847813257331 0.217708946933342 18.947347608008371 0.946015523521535
1024 2.229190000000000 0.000195313000000 -1.502618405050921 0.000096349817325 0.737290024346791 0.000166246874765 3.799040040656118 0.187188780462035 11.310428520318437 0.565380091446995
1024 2.169190000000000 0.000164238000000 -1.587735210808127 0.000083167919428 0.819822326741973 0.000079974191678 2.490980148654644 0.127556053679268 2.303341385255659 0.115061182573366
1024 2.209190000000000 0.000195313000000 -1.534019028534341 0.000097537304353 0.772902685053208 0.000133415696224 3.373097882416860 0.158141615878375 6.311045339114151 0.315446083741543
1024 2.249190000000000 0.000138107000000 -1.466151450011041 0.000112530211435 0.680707873947665 0.000297640296709 4.492589066604308 0.243512322827422 31.429819269277921 1.571279037871738
1024 2.219190000000000 0.000195313000000 -1.518813676159451 0.000104692291971 0.756606651515495 0.000158058832315 3.392158540999550 0.180819687271762 7.731865042290926 0.386249431532137
1024 2.179190000000000 0.000164238000000 -1.574932579482416 0.000083902261605 0.809760054691130 0.000087931338712 2.730154300132049 0.128174328433805 2.998660010459568 0.149730135238033
1024 2.229190000000000 0.000232267000000 -1.502921572987469 0.000097198509486 0.737939124595950 0.000177082896746 3.421864140896445 0.164155092770055 11.357867227370056 0.567864723723095
1024 2.189190000000000 0.000195313000000 -1.562156046583172 0.000082173075479 0.799059545567566 0.000094120233068 2.800873101114747 0.125613974536152 3.674517647657895 0.183518318810186
1024 2.199190000000000 0.000195313000000 -1.548390887958329 0.000087354731304 0.786820081475282 0.000106718731130 3.001677115266318 0.141550622574505 4.479942249537856 0.223640287426870
1024 2.259190000000000 0.000097656300000 -1.444704262927366 0.000101369964710 0.631525090487087 0.000417609379412 5.007893056288119 0.211107722094690 84.991783715771703 4.244934834981735
1024 2.239190000000000 0.000138107000000 -1.485156405865267 0.000090160866612 0.712965849803702 0.000192814611075 4.240629332352182 0.171904562116515 19.394296891957463 0.969084331444608
1024 2.209190000000000 0.000232267000000 -1.534100073830753 0.000093158726019 0.773079255874971 0.000125729887321 3.348917675743393 0.153743848543270 6.100064721039496 0.304847112458713
1024 2.249190000000000 0.000164238000000 -1.466248250853762 0.000112177494924 0.681547198930069 0.000307855951418 4.270872666948396 0.226367327628800 32.166236894852382 1.607822699037980
1024 2.169190000000000 0.000195313000000 -1.587479388694829 0.000081902127741 0.819635891154356 0.000080048818716 2.743235242846952 0.134616297631107 2.620490185353437 0.130941590693947
1024 2.219190000000000 0.000232267000000 -1.519127429675549 0.000099217231947 0.757265040550080 0.000146351118151 3.516425616039286 0.172614298959382 7.651019552050642 0.382480979911358
1024 2.179190000000000 0.000195313000000 -1.575194858604895 0.000086271356698 0.809945633162315 0.000088136412222 2.875766476975691 0.154407900450370 3.001449886373350 0.150071392602292
1024 2.199190000000000 0.000232267000000 -1.548533064617042 0.000096348037477 0.787014360685606 0.000114974341605 3.270900592056335 0.170173665051857 4.657828160179659 0.232792880185785
1024 2.229190000000000 0.000276214000000 -1.503120788708739 0.000097144772664 0.738305802572340 0.000171059620560 3.724377210330944 0.176934572105864 11.548080341022922 0.576569163528515
1024 2.189190000000000 0.000232267000000 -1.562103701389226 0.000087990383393 0.799077911556046 0.000096183069360 3.155850618111131 0.152183323275989 3.770884945455946 0.188249780643248
1024 2.259190000000000 0.000116134000000 -1.444868278312406 0.000114369772474 0.633735675643719 0.000427152598749 5.506516660516995 0.248063467612842 76.810492386381000 3.838367109581931
1024 2.209190000000000 0.000276214000000 -1.534341769368307 0.000089019441572 0.773215733762012 0.000121566773939 2.956372281704438 0.151098935375756 5.513395840498923 0.275551622739572
1024 2.239190000000000 0.000164238000000 -1.485311221027887 0.000097474588658 0.713243311698284 0.000214847345707 3.875341192343371 0.190194558401932 18.827259456837446 0.940855298789342
1024 2.249190000000000 0.000195313000000 -1.466747103349821 0.000111085664495 0.682975385568146 0.000300152333387 4.372233989505331 0.221784318065464 31.920582610522811 1.596019851871929
1024 2.169190000000000 0.000232267000000 -1.587624931303315 0.000080775440508 0.819718773389770 0.000072959725929 2.731359602945292 0.132808723312382 2.228366389941708 0.111375978454712
1024 2.219190000000000 0.000276214000000 -1.519115710789126 0.000087304568752 0.757195602332690 0.000135531094740 3.255725641121801 0.162263814019623 7.846062253369047 0.391954325125161
1024 2.199190000000000 0.000276214000000 -1.548711683450731 0.000095160266079 0.787114426615453 0.000116105483162 3.164844899578643 0.170858606794290 4.711363315593031 0.235125112909180
1024 2.179190000000000 0.000232267000000 -1.575072462659167 0.000079394444505 0.809941039271860 0.000080841305650 2.711580884524111 0.126699470146081 2.811311524647214 0.140422650800223
1024 2.229190000000000 0.000328475000000 -1.503458025153520 0.000092201876261 0.739034693905396 0.000154730693622 3.698912666375068 0.175116974161436 10.417116103933759 0.520674177070930
1024 2.189190000000000 0.000276214000000 -1.562279251779716 0.000088757258376 0.799351724752432 0.000098692280409 2.980926765797312 0.138871912816065 3.685614576937429 0.183917858828295
1024 2.209190000000000 0.000328475000000 -1.534657470755649 0.000097249635163 0.773924777524692 0.000128146065654 3.160206522932521 0.160168779693462 5.487190749658626 0.274097842973407
1024 2.259190000000000 0.000138107000000 -1.445170674895976 0.000109904394676 0.635175898518231 0.000431828767536 4.911129427746737 0.233448961600252 75.818363109575031 3.785645090025559
1024 2.239190000000000 0.000195313000000 -1.485634112969695 0.000100376653031 0.714342278395318 0.000210440180674 3.850033841574501 0.170896828328575 16.922185757759685 0.844272474772067
1024 2.169190000000000 0.000276214000000 -1.587920192271629 0.000084367094513 0.819943821894659 0.000080232266755 2.645908644151090 0.131567362673331 2.392912310191125 0.119511875260817
1024 2.249190000000000 0.000232267000000 -1.466878882475453 0.000108813338418 0.683538377491249 0.000285604690671 4.780308564902422 0.227324056382549 32.932320479065133 1.644796422738052
1024 2.199190000000000 0.000328475000000 -1.548870431041345 0.000096909012645 0.787449418716230 0.000111132033764 3.407612130548922 0.173592630653952 4.481262066238097 0.223953850302496
1024 2.219190000000000 0.000328475000000 -1.519460934610834 0.000098905445716 0.757546027699612 0.000145383232029 3.702357495972823 0.180545593920608 7.999568867837190 0.399423038877613
1024 2.229190000000000 0.000390625000000 -1.503752511275365 0.000097275887074 0.739648780388717 0.000166203894994 3.516335605034421 0.185194099273972 10.265079399340280 0.512864399348567
1024 2.209190000000000 0.000390625000000 -1.534729640714372 0.000093770725766 0.774044073172633 0.000122494162172 3.284551922908663 0.171300406310455 5.604957967550376 0.280098439621404
1024 2.179190000000000 0.000276214000000 -1.575254731323701 0.000085563649813 0.810043205573545 0.000087303418972 3.008439553026699 0.148106634198220 3.132024786555017 0.156325211536691
1024 2.189190000000000 0.000328475000000 -1.562408029358375 0.000080448053953 0.799379082022443 0.000089893882575 2.789909096650153 0.140056354742567 3.483527502468727 0.173963985432201
1024 2.239190000000000 0.000232267000000 -1.485875511807392 0.000095527247250 0.714677376710967 0.000192176305399 3.939983604982205 0.182832120510286 15.945552360008811 0.796664079316128
1024 2.259190000000000 0.000164238000000 -1.445575542266585 0.000110198947981 0.636808448939807 0.000419318944026 5.213672966038396 0.232841432146815 75.487988990426942 3.773940780635920
1024 2.199190000000000 0.000390625000000 -1.549021039331843 0.000099369973204 0.787603098893557 0.000120641898084 3.145024037545608 0.159363834753086 4.635642614138690 0.231503592814620
1024 2.249190000000000 0.000276214000000 -1.467256968453776 0.000111469520409 0.684767390844347 0.000285208665619 4.101278791743090 0.236241157451561 26.849268655701042 1.342403597605208
1024 2.169190000000000 0.000328475000000 -1.587938632202377 0.000080525115694 0.819894753792436 0.000078022136851 2.592212163229158 0.130916771168749 2.433568135178377 0.121609587363950
1024 2.219190000000000 0.000390625000000 -1.519649814341227 0.000098949907459 0.758083619362067 0.000145393349009 3.354086185235334 0.160448969280226 7.241566340387532 0.362002194832727
1024 2.229190000000000 0.000464534000000 -1.504137751498757 0.000097882264460 0.740413366486393 0.000162444679353 3.614391659235773 0.172186167165243 9.954929249528648 0.497453878505471
1024 2.209190000000000 0.000464534000000 -1.535042965435766 0.000089861696137 0.774356187762637 0.000117312731007 3.158226545446888 0.155272654312673 5.382503818452496 0.268855431669706
1024 2.239190000000000 0.000276214000000 -1.486275038753035 0.000112939303398 0.715722746719406 0.000230682649276 3.948213564476362 0.208058273448504 16.471770690030716 0.823348159452319
1024 2.199190000000000 0.000464534000000 -1.549096611338211 0.000098459421029 0.787738606716970 0.000122968993348 3.050672956093335 0.162142427420263 4.758524748996351 0.237792105788881
1024 2.179190000000000 0.000328475000000 -1.575473708603315 0.000082805121859 0.810347476051849 0.000086839620789 2.715307707802292 0.138910718543114 2.986348501926921 0.149270263697787
1024 2.249190000000000 0.000328475000000 -1.467585340147757 0.000117947640512 0.686109967570487 0.000283401789959 4.740996789103303 0.232432682622724 27.371356684379624 1.367799345322494
1024 2.189190000000000 0.000390625000000 -1.562758365642047 0.000085946257200 0.799645179559375 0.000097279820676 2.993234609106123 0.139036325238664 3.834708387444884 0.191481190319317
1024 2.219190000000000 0.000464534000000 -1.520035129754188 0.000096027647223 0.758696617618685 0.000140817935862 3.237328845486274 0.157745454977392 6.961617992639281 0.347942749978836
1024 2.169190000000000 0.000390625000000 -1.588145627916230 0.000081259629521 0.820145392565994 0.000077814768748 2.566303665581852 0.125049838939206 2.353327829619586 0.117571661719704
1024 2.259190000000000 0.000195313000000 -1.445821412516419 0.000101170197937 0.639392349337772 0.000363149161565 5.358724813032071 0.215411522979850 69.044064167624484 3.451716427657528
1024 2.209190000000000 0.000552427000000 -1.535340186403455 0.000093973045927 0.774902436791396 0.000122587176151 3.089163821401700 0.156941482291290 5.256835831677079 0.262340029573958
1024 2.229190000000000 0.000552427000000 -1.504543017068281 0.000097730862394 0.741010369887291 0.000161306491748 3.845829743581807 0.181672464186951 10.476839323249303 0.523793206763788
1024 2.239190000000000 0.000328475000000 -1.486707239330058 0.000104553808719 0.716378867856919 0.000214419386007 3.962138422659598 0.189945642132027 16.663952697730117 0.831972176240039
1024 2.199190000000000 0.000552427000000 -1.549711257466214 0.000087881642451 0.788485076723718 0.000099217409726 3.107963700946706 0.151850494333395 3.961460931943003 0.197915558301381
1024 2.179190000000000 0.000390625000000 -1.575762924048602 0.000090922348589 0.810596455837383 0.000092318698560 2.963482584602902 0.156291733898607 3.055205559907984 0.152608251761968
1024 2.219190000000000 0.000552427000000 -1.520331540845223 0.000098045224699 0.759369790947737 0.000138297953040 3.433840467025020 0.181345084422879 6.832170979195582 0.341547595939146
1024 2.189190000000000 0.000464534000000 -1.562904150717941 0.000086153668281 0.799988091139877 0.000093733543502 2.861935787772086 0.135313476431286 3.387680223206550 0.169243169161608
1024 2.249190000000000 0.000390625000000 -1.468277169747465 0.000100093796754 0.688451368929976 0.000241968798205 4.404532191508194 0.203615180145345 25.739742445539989 1.286889308723341
1024 2.169190000000000 0.000464534000000 -1.588269500096679 0.000080191672209 0.820212865637328 0.000080221798232 2.527268618702885 0.120095061142850 2.529167839748475 0.126425455653327
1024 2.259190000000000 0.000232267000000 -1.446188895498161 0.000113700697896 0.640792636914589 0.000398543004140 5.286269807659865 0.252920300833133 64.949145978428263 3.241260591263896
1024 2.209190000000000 0.000656950000000 -1.535894550552888 0.000095069238316 0.775518618770532 0.000122680759578 3.367569210498432 0.164856894961153 5.607759939786006 0.279912433709675
1024 2.199190000000000 0.000656950000000 -1.549981753564890 0.000091744413885 0.788760322911221 0.000113009479365 3.054084711698003 0.148385537231571 4.633952377201921 0.231572451087577
1024 2.229190000000000 0.000656950000000 -1.505005828751026 0.000090474028303 0.742192964705210 0.000152865248795 3.392162044341005 0.171405067556885 9.683810237381541 0.483515581763247
1024 2.239190000000000 0.000390625000000 -1.486888591937471 0.000092539121129 0.717168356294840 0.000183251083654 3.873796789383323 0.196579904655121 15.190749312274249 0.758999048863125
1024 2.179190000000000 0.000464534000000 -1.575814007666310 0.000087701277166 0.810666826036241 0.000092035617655 2.927474597481938 0.147764508655066 3.223986109008415 0.161064491968832
1024 2.219190000000000 0.000656950000000 -1.521034593656090 0.000101291864044 0.760214895049363 0.000142978922433 3.665019999291705 0.187213912497546 7.302494883720922 0.364852686148698
1024 2.249190000000000 0.000464534000000 -1.468795332963895 0.000110003633684 0.689839075876806 0.000276176157820 4.321321728303390 0.210994350113533 27.237980569760680 1.361178751574583
1024 2.169190000000000 0.000552427000000 -1.588772630990539 0.000085456976369 0.820703086164809 0.000080932170985 2.735892742020356 0.134931681611533 2.453840911329990 0.122690839408859
1024 2.189190000000000 0.000552427000000 -1.563245892550944 0.000084718572993 0.800314778295056 0.000091309414702 2.987400833282567 0.147376359334035 3.470302650545184 0.173388509758421
1024 2.259190000000000 0.000276214000000 -1.446756596759802 0.000108755283276 0.643562236629583 0.000374789329614 4.951701102615457 0.218280239048031 58.806878784778569 2.939088539113211
1024 2.199190000000000 0.000781250000000 -1.550485685390710 0.000088725810516 0.789357118828352 0.000104879918091 2.901460121325292 0.135647995449889 4.054164198581010 0.202427589110989
1024 2.239190000000000 0.000464534000000 -1.487239756545083 0.000101871202936 0.718218583675576 0.000201329599104 4.087030061987103 0.194202661862388 15.963209768363742 0.797154416722277
1024 2.209190000000000 0.000781250000000 -1.536247111582783 0.000086150106385 0.776064096591174 0.000110914078099 3.251473222846173 0.151645863239644 5.389418305488549 0.269137784101936
1024 2.219190000000000 0.000781250000000 -1.521496481372386 0.000099388744090 0.761100201843084 0.000136782694991 3.197204411356216 0.163732185278472 6.055615759753852 0.302677734561502
1024 2.229190000000000 0.000781250000000 -1.505817488962789 0.000089904240616 0.743449064095814 0.000147404320108 3.646126972607944 0.173114541785900 9.801484516608326 0.490060143062422
1024 2.179190000000000 0.000552427000000 -1.576257042380759 0.000080744696481 0.811057605675207 0.000083575575017 2.628916833577243 0.120622252437970 2.816485898802938 0.140702672840247
1024 2.169190000000000 0.000656950000000 -1.588966087854768 0.000081443675453 0.820790912690241 0.000074207915280 2.558703364487783 0.129192284641227 2.124250226569760 0.106017074965973
1024 2.189190000000000 0.000656950000000 -1.563772335942980 0.000090142767204 0.800823188186833 0.000100656301894 2.841195313078212 0.152954221152138 3.542592986883151 0.176968064906006
1024 2.249190000000000 0.000552427000000 -1.469597048265016 0.000091770620287 0.692506599246160 0.000219198241330 4.154002669944953 0.192307570586131 23.699193549456442 1.184225163609667
1024 2.259190000000000 0.000328475000000 -1.447365397654294 0.000110896297268 0.646672623378311 0.000353491420453 4.863185576945787 0.231006559149464 49.413373671144576 2.468592958791927
1024 2.239190000000000 0.000552427000000 -1.487793742498775 0.000115331709949 0.719722696399013 0.000214300896993 4.385095829428252 0.254779431487765 15.140129998762186 0.756765011067216
1024 2.209190000000000 0.000929068000000 -1.536986575162572 0.000092893693805 0.777042990737820 0.000115248957221 3.293027504899851 0.163170128853918 5.068703675767098 0.253404990012808
1024 2.199190000000000 0.000929068000000 -1.550953063957371 0.000085091943088 0.789979074218057 0.000098088831358 3.034610234675968 0.148846945891508 4.032414399950710 0.201430984590794
1024 2.219190000000000 0.000929068000000 -1.521997135640611 0.000092832526232 0.761968872861635 0.000131630093294 3.607775345451729 0.155139018308493 7.253531921471444 0.362358898542045
1024 2.179190000000000 0.000656950000000 -1.576499292363004 0.000079953805572 0.811209144722776 0.000081646380878 2.694555924380156 0.129463755948791 2.809847820001219 0.140460543906298
1024 2.229190000000000 0.000929068000000 -1.506641641020443 0.000085996502312 0.744829906291097 0.000137884794321 3.457807301923165 0.158763016738171 8.889390052104078 0.444270084046113
1024 2.169190000000000 0.000781250000000 -1.589381760664057 0.000083997257065 0.821183242797851 0.000078500553827 2.810345663890863 0.148258800296606 2.454567461511488 0.122603355064215
1024 2.189190000000000 0.000781250000000 -1.564009010394113 0.000078942028769 0.801152225408574 0.000084328059004 2.916269045057519 0.129968786004314 3.327784769374146 0.166283997437650
1024 2.239190000000000 0.000656950000000 -1.488315947870563 0.000102468497079 0.720927549528595 0.000195631171865 3.658159486184319 0.182339764172522 13.333925237902807 0.666356990356337
1024 2.249190000000000 0.000656950000000 -1.470451604065493 0.000106966355183 0.694712173053031 0.000230039241673 4.374032616294639 0.224864142872861 20.229794739954425 1.011201307301217
1024 2.259190000000000 0.000390625000000 -1.448217429229544 0.000116624312558 0.649823347727458 0.000354627109080 5.296479683106540 0.248911912946810 48.972579562303345 2.447538323121630
1024 2.199190000000000 0.001104850000000 -1.551590821066068 0.000093951221922 0.790786829455966 0.000111426101995 2.693531140982536 0.153624583638453 3.788706918667297 0.189415370039441
1024 2.209190000000000 0.001104850000000 -1.537622190043670 0.000094294985281 0.777774179735148 0.000120498367470 3.401567398683555 0.178179945619827 5.554746097454092 0.277395987046145
1024 2.219190000000000 0.001104850000000 -1.522943954513390 0.000090292987690 0.763253071457869 0.000122180576115 3.185803486471257 0.146108300831576 5.833312908550109 0.291488267294612
1024 2.229190000000000 0.001104850000000 -1.507217984644069 0.000100290371785 0.746223168215376 0.000152876227960 3.713992021309478 0.185997535337960 8.629833183761701 0.430889299659221
1024 2.169190000000000 0.000929068000000 -1.589520001898587 0.000084024828011 0.821353160676970 0.000076772416180 2.655199642904825 0.127020137513202 2.216625548087118 0.110782185584470
1024 2.239190000000000 0.000781250000000 -1.488841964108181 0.000100084383939 0.722278426675235 0.000184560899468 3.663470018985219 0.180085840401149 12.457743863914715 0.622512307395365
1024 2.259190000000000 0.000464534000000 -1.449280750635184 0.000120347515864 0.653722069232847 0.000355813720122 4.705648212425245 0.237463741390710 41.133018137546749 2.053864433102544
1024 2.179190000000000 0.000781250000000 -1.576858249973091 0.000080538600451 0.811560764665573 0.000081489560515 2.865204694378782 0.137521351176379 2.933266000515616 0.146456546431690
1024 2.249190000000000 0.000781250000000 -1.471149663647666 0.000104688814140 0.697092583838929 0.000231058851620 4.077342756876334 0.210915910893540 19.861949884762549 0.992121071393187
1024 2.189190000000000 0.000929068000000 -1.564413874806298 0.000087623029983 0.801469231573280 0.000094736101291 3.041294671026431 0.141039331308548 3.555109512044000 0.177576601835168
1024 2.199190000000000 0.001313900000000 -1.552180353882996 0.000089042055107 0.791406963793047 0.000099324659131 3.077173021533972 0.149477173381768 3.828915064978374 0.191250281450499
1024 2.209190000000000 0.001313900000000 -1.538343754343005 0.000095251189610 0.778706463900480 0.000111288689061 3.169461463185874 0.170594781589039 4.326599663284249 0.216223305214398
1024 2.219190000000000 0.001313900000000 -1.523751896214005 0.000092501777398 0.764427986051061 0.000122537424826 3.278886896070271 0.161009087078349 5.753919467832337 0.287460689591825
1024 2.169190000000000 0.001104850000000 -1.590046299656719 0.000080265809926 0.821764317536966 0.000073080888624 2.426056785310111 0.119575979562006 2.011163674802481 0.100354953024540
1024 2.229190000000000 0.001313900000000 -1.508493453618279 0.000099301673808 0.748178947089922 0.000145626710430 3.743169553461021 0.184422048289826 8.050232815092599 0.402051367741379
1024 2.239190000000000 0.000929068000000 -1.489957562750669 0.000095950625341 0.724550573059593 0.000174996701371 3.604216444293844 0.176321146522810 11.988779418458602 0.599421486836893
1024 2.259190000000000 0.000552427000000 -1.449857675469891 0.000107469827946 0.656919360872951 0.000318569801843 4.481532403098643 0.218258983987766 39.378815125187280 1.965743275109048
1024 2.199190000000000 0.001562500000000 -1.553178137986383 0.000091252838939 0.792330441925522 0.000102989926009 2.811015161382037 0.139142781870759 3.580633835012820 0.178977922043522
1024 2.249190000000000 0.000929068000000 -1.472162665315238 0.000105108453726 0.699795662240590 0.000208155570059 4.120396888877602 0.190760299566418 16.159943192451014 0.807848508162488
1024 2.179190000000000 0.000929068000000 -1.577234236761970 0.000085829587363 0.811857809834977 0.000082429216733 2.821577171311880 0.139577976355022 2.602437029710746 0.130070189975627
1024 2.189190000000000 0.001104850000000 -1.565119677904606 0.000081809505728 0.802246626135662 0.000089541457951 2.776143346317152 0.132062181061301 3.325696953299865 0.166251742911019
1024 2.209190000000000 0.001562500000000 -1.539306348713329 0.000092351986108 0.779989452869719 0.000110355716133 3.189962234716121 0.157091728480498 4.554940715659864 0.227423890710772
1024 2.229190000000000 0.001562500000000 -1.509375342152565 0.000094705675926 0.749707179679919 0.000137729360442 3.324536157399941 0.167841100570121 7.031242980365666 0.351325445746592
1024 2.219190000000000 0.001562500000000 -1.524734824127908 0.000088020045183 0.766034592973424 0.000116226446743 3.093323278404106 0.141104885503855 5.393517064540617 0.269673252439135
1024 2.239190000000000 0.001104850000000 -1.491081023408935 0.000093246766592 0.726757359209028 0.000166500157372 3.607532494644053 0.160674312986459 11.501963520828058 0.574841719300560
1024 2.259190000000000 0.000656950000000 -1.450706033184449 0.000106062128520 0.660565505963085 0.000301328405525 4.333571094100670 0.216618269686778 34.978839417767517 1.748369029685600
1024 2.169190000000000 0.001313900000000 -1.590773500860487 0.000077057057333 0.822385276340608 0.000069470381339 2.554566228241745 0.127832085114436 2.076307591779885 0.103642676079304
1024 2.199190000000000 0.001858140000000 -1.554211351389116 0.000087821211660 0.793483460303580 0.000098261906919 2.967628583147587 0.148659757563497 3.715190366927655 0.185516017705457
1024 2.179190000000000 0.001104850000000 -1.577842518163229 0.000090836878845 0.812290205216170 0.000091135721802 2.787188458659601 0.140003558493370 2.805557688805143 0.140217447107656
1024 2.249190000000000 0.001104850000000 -1.473387082915556 0.000097170807974 0.702529961228506 0.000204787872120 3.882522509209239 0.170185114451645 17.244508524178944 0.861489425353027
1024 2.209190000000000 0.001858140000000 -1.540149746929012 0.000090105781041 0.781011321854621 0.000110182232202 3.167699478645463 0.150159822926480 4.736546391201443 0.236580845568914
1024 2.189190000000000 0.001313900000000 -1.565702107299736 0.000089521913631 0.802831858544800 0.000091001461630 3.082412216192095 0.156224529316749 3.185141558283581 0.159109664849736
1024 2.219190000000000 0.001858140000000 -1.525941482030608 0.000097602979651 0.767513763195582 0.000126691137074 3.249890859385095 0.167973332082449 5.475642581844625 0.273403956654539
1024 2.229190000000000 0.001858140000000 -1.510740749932849 0.000099808026771 0.751871302854761 0.000136548547770 3.729896956341667 0.188681743070228 6.981360527449669 0.348949882968147
1024 2.259190000000000 0.000781250000000 -1.451936957485437 0.000119695984899 0.664611281010142 0.000310888896563 4.920826368378022 0.246750803918724 33.196270811435618 1.656528214436584
1024 2.169190000000000 0.001562500000000 -1.591456847201065 0.000086098146268 0.822891442139718 0.000080490177297 2.508348997388097 0.132803889179807 2.192230055649370 0.109406480570888
1024 2.239190000000000 0.001313900000000 -1.491971615208292 0.000099685013965 0.728658184145868 0.000160768234719 3.946068025296421 0.185233718868930 10.263732054824132 0.512343201325214
1024 2.199190000000000 0.002209710000000 -1.555415608745363 0.000090628768165 0.794835345658751 0.000096833664490 2.807944186184578 0.145518891163931 3.205597947559341 0.160092900270099
1024 2.179190000000000 0.001313900000000 -1.578464838952605 0.000084952743339 0.813013574028759 0.000088116953297 2.673931989415253 0.131312157734449 2.876831905092695 0.143676278513726
1024 2.249190000000000 0.001313900000000 -1.474629492045461 0.000111474163366 0.706305650864584 0.000208536496330 4.240658435383575 0.217353228110201 14.840515797342519 0.741057631098929
1024 2.189190000000000 0.001562500000000 -1.566511153406789 0.000088756231699 0.803536743676964 0.000093774196768 2.690318499010830 0.128064554597389 3.003120047648024 0.150095111213242
1024 2.209190000000000 0.002209710000000 -1.541692544988975 0.000085338310183 0.782884008347405 0.000099024214191 3.173201155282033 0.158745541906868 4.272600974910728 0.213449641185422
1024 2.229190000000000 0.002209710000000 -1.512362222600613 0.000099048076809 0.754335585723623 0.000136686194231 3.327209800272569 0.172648280094314 6.336324272942353 0.316696085700215
1024 2.219190000000000 0.002209710000000 -1.527370103347471 0.000088095776065 0.769321496333552 0.000107824825492 3.193991478151141 0.154697290131763 4.784770473692043 0.239005428836942
1024 2.239190000000000 0.001562500000000 -1.493184373102019 0.000109782313012 0.731089605603899 0.000167192257959 3.945035326525798 0.204132746318993 9.149944696631337 0.457052044237955
1024 2.169190000000000 0.001858140000000 -1.592153661395356 0.000084707858647 0.823522686958313 0.000077914643465 2.549394621063452 0.127317149567160 2.156889191207991 0.107573833204562
1024 2.259190000000000 0.000929068000000 -1.453127111523594 0.000106977374566 0.668587435494072 0.000264404604854 4.366192148136317 0.221080365678433 26.672087230575482 1.333591205903820
1024 2.199190000000000 0.002627800000000 -1.556617788319979 0.000091465505065 0.796045490758334 0.000096096523147 3.203077009361686 0.160895898278877 3.535640142838446 0.176740740353360
1024 2.179190000000000 0.001562500000000 -1.579232002884027 0.000087290710738 0.813592349482915 0.000080866838808 2.749806527673832 0.136179231707909 2.359972878398674 0.117873182549350
1024 2.249190000000000 0.001562500000000 -1.476295648828531 0.000103922313599 0.709614514081906 0.000192405288396 3.922191918897592 0.203943356535053 13.444517987387432 0.671024043622254
1024 2.189190000000000 0.001858140000000 -1.567504186553809 0.000087228046511 0.804560558280755 0.000087815238026 2.897316096550795 0.135747656405039 2.936455014215381 0.146595964751237
1024 2.209190000000000 0.002627800000000 -1.542995965342357 0.000092040472217 0.784362988227912 0.000104414059573 3.216729248132820 0.147186298230259 4.139756475118665 0.206955748609117
1024 2.229190000000000 0.002627800000000 -1.514084407721159 0.000096203834598 0.756894686135901 0.000128377438425 3.609043557556034 0.188875928776820 6.426651784657643 0.321328987996496
1024 2.219190000000000 0.002627800000000 -1.528964733014534 0.000091820230451 0.771383348137442 0.000111157888523 3.151074468754982 0.165723206644008 4.618091008672100 0.230533786522684
1024 2.169190000000000 0.002209710000000 -1.593179214634805 0.000087755736956 0.824270750620844 0.000077811122237 2.724987008296321 0.143778937530044 2.142381249639029 0.107059131177147
1024 2.239190000000000 0.001858140000000 -1.494934493114513 0.000095962161631 0.734176242988942 0.000150252888339 3.786199796167736 0.177856131059829 9.282161956845613 0.464018096747037
1024 2.249190000000000 0.001858140000000 -1.478021939813267 0.000108353420060 0.713309174556569 0.000189458598167 3.858763253544080 0.202151226667404 11.797541818746119 0.589796977310376
1024 2.179190000000000 0.001858140000000 -1.579933440150355 0.000080760348266 0.814342757163965 0.000078156046315 2.545200713863224 0.127918318785554 2.383695811357743 0.119155366765266
1024 2.259190000000000 0.001104850000000 -1.454743372162367 0.000106566169488 0.673781627933729 0.000247245292910 4.612049077369989 0.225453401903388 24.826258530942546 1.240248295470670
1024 2.199190000000000 0.003125000000000 -1.558247864302076 0.000085712718557 0.797680845884519 0.000086337601227 2.994979235351372 0.144900748495740 3.038807799234732 0.151828504867968
1024 2.189190000000000 0.002209710000000 -1.568462572135898 0.000087452574683 0.805399515628815 0.000089022264799 2.926903722409156 0.143673472135440 3.032916925419610 0.151575295562928
1024 2.209190000000000 0.003125000000000 -1.544868751063596 0.000098743481914 0.786370226445089 0.000113903728479 3.026644879643123 0.163425225277810 4.027360197157949 0.201298047393419
1024 2.219190000000000 0.003125000000000 -1.530752209749471 0.000097728984944 0.773665208910685 0.000115204643539 3.195107394123519 0.161773109543407 4.439955866493536 0.221941300623844
1024 2.239190000000000 0.002209710000000 -1.496523486931188 0.000093398970069 0.737070026611481 0.000142318228678 3.276178153589373 0.163679037005649 7.606841990900615 0.379742652859851
1024 2.169190000000000 0.002627800000000 -1.594260604906454 0.000077522230943 0.825035235328132 0.000067481170886 2.448964101660223 0.125592576037515 1.855645929747625 0.092647976225592
1024 2.229190000000000 0.003125000000000 -1.516306856362542 0.000092784701864 0.759963428518161 0.000116635095118 3.701278598546098 0.184211938497430 5.848675397168360 0.292389189688861
1024 2.249190000000000 0.002209710000000 -1.480153202921149 0.000098382947521 0.717614278501393 0.000171735259814 3.533256697550325 0.179690362176605 10.766002449934392 0.536970501265311
1024 2.199190000000000 0.003716270000000 -1.560114768764526 0.000091193132160 0.799480966300018 0.000089933828241 2.874745697628883 0.151668037288168 2.795898035338617 0.139688275956939
1024 2.259190000000000 0.001313900000000 -1.456260670341581 0.000106609644038 0.678317365668592 0.000232784916290 4.520859026872704 0.219563809675648 21.554484972819161 1.075705562800252
1024 2.179190000000000 0.002209710000000 -1.581063332189676 0.000078063172111 0.815297248804175 0.000074259252461 2.471865183415286 0.123418118017548 2.236832873283812 0.111743670691139
1024 2.209190000000000 0.003716270000000 -1.546749472369236 0.000096418691970 0.788488009151997 0.000100017271487 3.282934750789069 0.170588262943588 3.532561939081122 0.176502158836702
1024 2.189190000000000 0.002627800000000 -1.569715698575908 0.000085255903957 0.806683631565261 0.000086536040304 2.799119459109300 0.145482529075663 2.883809341553207 0.144165468174150
1024 2.239190000000000 0.002627800000000 -1.498531022108646 0.000105285720177 0.740592828865259 0.000147475237272 3.794593763289605 0.185228773084096 7.444997417514543 0.371834208348174
1024 2.169190000000000 0.003125000000000 -1.595674119942279 0.000085276100674 0.826047768209481 0.000077336811912 2.488801412445841 0.135836081729711 2.046954113976175 0.102313142923347
1024 2.219190000000000 0.003716270000000 -1.532850238188268 0.000092776964810 0.776370039150229 0.000104282105837 3.306559127835825 0.160045304581618 4.177491330606890 0.208789846808466
1024 2.249190000000000 0.002627800000000 -1.482169260150123 0.000097696611447 0.721726175628628 0.000159300466982 3.942452710061763 0.192927673762102 10.481938060398541 0.524056910328048
1024 2.199190000000000 0.004419420000000 -1.562206704828804 0.000089771866636 0.801509937430833 0.000087411383785 2.735883914957809 0.145716549828240 2.593899502372449 0.129525135169836
1024 2.179190000000000 0.002627800000000 -1.582410015042323 0.000097140241681 0.816420159224268 0.000090557006342 3.178346305923869 0.167339459699460 2.762148159503708 0.137954711618547
1024 2.229190000000000 0.003716270000000 -1.518512314866199 0.000085251202829 0.762975294230370 0.000104255684235 3.056267593095820 0.147547851941559 4.570774878174925 0.228480854327785
1024 2.259190000000000 0.001562500000000 -1.458360981926150 0.000106188365534 0.683781301930038 0.000230370532311 4.134548776591545 0.210788396397368 19.459339682470809 0.972657520666840
1024 2.209190000000000 0.004419420000000 -1.549137646037890 0.000090836745060 0.790791543973547 0.000095921770115 2.874656996091984 0.151744918571507 3.205511014715744 0.159936316508398
1024 2.189190000000000 0.003125000000000 -1.571170910235346 0.000082577221154 0.807985769425632 0.000080516829978 2.710909866756413 0.143414256003613 2.577317282353967 0.128754449967307
1024 2.239190000000000 0.003125000000000 -1.500861412022650 0.000092560883893 0.744257117174344 0.000132014421415 3.346031339511831 0.149550898443247 6.806404749555199 0.340178209748323
1024 2.249190000000000 0.003125000000000 -1.484840364108336 0.000107373507538 0.726445687053560 0.000164135012223 3.789284094704752 0.206564725450142 8.854526662057930 0.442660568937733
1024 2.219190000000000 0.004419420000000 -1.535510964534944 0.000088605441672 0.779128427990011 0.000099594081736 2.989931632119377 0.149347873026771 3.777526605725099 0.188874372174461
1024 2.199190000000000 0.005255600000000 -1.564711440532835 0.000086628712182 0.803629998156899 0.000083973860061 2.715830451809645 0.137748961011430 2.551920679328705 0.127546871904962
1024 2.169190000000000 0.003716270000000 -1.597176702317642 0.000073298421748 0.827208816810583 0.000063596632441 2.384153690034955 0.110121062684332 1.794788342067777 0.089613104957529
1024 2.259190000000000 0.001858140000000 -1.460104792949958 0.000118682857126 0.688584266997125 0.000230302770736 4.615596580403084 0.228448662106531 17.380016449196546 0.868297804342028
1024 2.229190000000000 0.004419420000000 -1.521178990298161 0.000088832621464 0.766347932533400 0.000106928351412 3.132854537723472 0.156364102983007 4.539217741048562 0.226749815433662
1024 2.179190000000000 0.003125000000000 -1.583572882550472 0.000081603901184 0.817355042056094 0.000074855699096 2.653120622144213 0.134801282258080 2.232466209453506 0.111503651285946
1024 2.209190000000000 0.005255600000000 -1.551764425732453 0.000087680982149 0.793302344045332 0.000088862470908 2.824350666643933 0.140182961976505 2.900978935783524 0.145043239418474
1024 2.239190000000000 0.003716270000000 -1.503599559831726 0.000095360426965 0.748179259217690 0.000128240924625 3.193791822191010 0.160255180954031 5.775951156389492 0.288727763311796
1024 2.189190000000000 0.003716270000000 -1.572953601914480 0.000089936263584 0.809452523522200 0.000083057813034 2.894054737361397 0.138982581300716 2.468300565848408 0.123259626546698
1024 2.249190000000000 0.003716270000000 -1.487773393967909 0.000098250456640 0.731182365839771 0.000150856035619 3.654255873075326 0.194072596423162 8.614997976510994 0.430582980698014
1024 2.219190000000000 0.005255600000000 -1.538333727138280 0.000085057571375 0.782228533050718 0.000094324472843 2.885186089894769 0.136883407866297 3.548106495490504 0.177295250225493
1024 2.169190000000000 0.004419420000000 -1.599101851255748 0.000080329144411 0.828594426089112 0.000068448788487 2.476675480809775 0.115950128533940 1.798267740627488 0.089853781431135
1024 2.199190000000000 0.006250000000000 -1.567751809545463 0.000080766873135 0.806235209284601 0.000074803732219 2.873926597563294 0.132079396290114 2.465219907779448 0.123011008881974
1024 2.179190000000000 0.003716270000000 -1.585433754487445 0.000088630866242 0.818848263477241 0.000080205352592 2.857568167658318 0.139160723773337 2.340094070727563 0.116947090037962
1024 2.259190000000000 0.002209710000000 -1.462570664141153 0.000103793405408 0.694364254460858 0.000183496861985 4.320165864665095 0.195059352923278 13.502624244174347 0.674998055798183
1024 2.229190000000000 0.005255600000000 -1.524411783036881 0.000090808584831 0.770048124664077 0.000108026334818 3.075953952462801 0.141252827331516 4.352966221542791 0.217450816089575
1024 2.209190000000000 0.006250000000000 -1.554875433905917 0.000092209981415 0.796359301249187 0.000089343331877 3.022766018227910 0.144499535536830 2.837742283519405 0.141857686345860
1024 2.239190000000000 0.004419420000000 -1.506326838039189 0.000098123090482 0.752005349402538 0.000127808357725 3.300368891767872 0.175876646451592 5.599362149235993 0.279636053904287
1024 2.189190000000000 0.004419420000000 -1.574810542505415 0.000079701326640 0.811115634127309 0.000073237586803 2.653163678669495 0.123128383919175 2.240273254352913 0.111921245824153
1024 2.249190000000000 0.004419420000000 -1.490795688211814 0.000095710766291 0.736202835477014 0.000126751255566 3.634334661718146 0.184562309704423 6.373938510197824 0.318238951882890
1024 2.219190000000000 0.006250000000000 -1.541749000001232 0.000084989304977 0.785658825402973 0.000086754758803 2.965881249465266 0.150452640994010 3.090379515034454 0.154249576240281
1024 2.229190000000000 0.006250000000000 -1.527629516104115 0.000097683272170 0.773738311415790 0.000107670713731 3.110473171829120 0.155281184523191 3.779037883415109 0.188814319650062
1024 2.169190000000000 0.005255600000000 -1.601137100619325 0.000085160710827 0.829959479484769 0.000072424999241 2.534656855956398 0.126386959162563 1.833232785514619 0.091594286289741
1024 2.199190000000000 0.007432540000000 -1.571195722679561 0.000086433087961 0.809009055460781 0.000078087878836 2.582469649059968 0.125653198874392 2.107863189282631 0.105163237525861
1024 2.259190000000000 0.002627800000000 -1.464982322898594 0.000105472796782 0.699855066412450 0.000187886816815 4.264892883347274 0.210335161665010 13.533802075510060 0.676395659048085
1024 2.209190000000000 0.007432540000000 -1.558263737282632 0.000084982454884 0.799355109255765 0.000081654286449 2.947975301173377 0.144324113263376 2.721593580070677 0.135999621484096
1024 2.179190000000000 0.004419420000000 -1.587103897917762 0.000081302298173 0.820162420972771 0.000070107674487 2.770311564184648 0.124203095008198 2.059937738570734 0.102818787302111
1024 2.239190000000000 0.005255600000000 -1.509894245958094 0.000094171199491 0.756758263675862 0.000114890768100 3.554830817042408 0.165525624018011 5.291185626896489 0.264547950275204
1024 2.189190000000000 0.005255600000000 -1.577363091529006 0.000078101667991 0.813226050800747 0.000073775357208 2.521435548509711 0.125599031744137 2.249830993274641 0.112456150522564
1024 2.249190000000000 0.005255600000000 -1.494578503557207 0.000099610119124 0.741577970965683 0.000129263494849 3.460049294642697 0.171292630585042 5.826760324957908 0.291318141381538
1024 2.219190000000000 0.007432540000000 -1.545340048776108 0.000087436993454 0.789113502253115 0.000090911226554 2.759873756670675 0.129443967791000 2.983553429059409 0.149030472346654
1024 2.229190000000000 0.007432540000000 -1.531998616954668 0.000088119345771 0.778340694373486 0.000092706628800 2.834373485196011 0.136744408669210 3.137156074856484 0.156599790550331
1024 2.169190000000000 0.006250000000000 -1.603588595415832 0.000077889190585 0.831664084254207 0.000063230816737 2.463405956030763 0.115451542164839 1.623451013873291 0.081167204238920
1024 2.199190000000000 0.008838830000000 -1.574935500373699 0.000079430270159 0.811920001821698 0.000069759891178 2.547960264742347 0.122554183592840 1.965314962004290 0.098161918703067
1024 2.209190000000000 0.008838830000000 -1.562594568611141 0.000090421244510 0.802913462697978 0.000082153757910 2.875583697655097 0.141948875202567 2.373777015249030 0.118542336847594
1024 2.259190000000000 0.003125000000000 -1.468101657045737 0.000103715022257 0.706099547473960 0.000180141339845 3.954173011681791 0.193184747487870 11.928864762598822 0.596409580874033
1024 2.179190000000000 0.005255600000000 -1.589234879873451 0.000073970047550 0.821707331015364 0.000065472573490 2.269467028357693 0.117380411692351 1.777996515004648 0.088755935641366
1024 2.239190000000000 0.006250000000000 -1.513521776604143 0.000090601463455 0.761181349164983 0.000109773122600 3.075171774396950 0.144209172564186 4.514305966186556 0.225704079358015
1024 2.249190000000000 0.006250000000000 -1.498624063083447 0.000096239200417 0.746947103110172 0.000116409845214 3.393910047645242 0.168121336931075 4.965645809756044 0.248136157499339
1024 2.189190000000000 0.006250000000000 -1.580025008708570 0.000082805197563 0.815181793628868 0.000074022927537 2.647077732876516 0.128640778538719 2.115358663487489 0.105728353782879
1024 2.219190000000000 0.008838830000000 -1.549610763842357 0.000087611272914 0.793025454238835 0.000087512990331 2.850676615510247 0.137551664602479 2.844284408135950 0.142211922262961
1024 2.169190000000000 0.007432540000000 -1.606735868510390 0.000083532817723 0.833597261133327 0.000065047098397 2.391458326619673 0.114537167943115 1.450121567064372 0.072409968023733
1024 2.229190000000000 0.008838830000000 -1.536594420165130 0.000082710495378 0.782808784342179 0.000082927447646 2.921863475081073 0.143142492146486 2.937211860544987 0.146688048394261
1024 2.209190000000000 0.010511200000000 -1.567273254605025 0.000086391894534 0.806545489258562 0.000073968621799 2.883614797274853 0.138634045263533 2.113909075377971 0.105638224578911
1024 2.259190000000000 0.003716270000000 -1.471443466713913 0.000099249488368 0.712521520692704 0.000156790636414 3.904465414571712 0.186548169490840 9.744179436457387 0.486997591953134
1024 2.179190000000000 0.006250000000000 -1.592083064659020 0.000081074050710 0.823774232850929 0.000068334166307 2.239246056986728 0.110143286182146 1.590793743412721 0.079472357384611
1024 2.199190000000000 0.010511200000000 -1.579329445862788 0.000079098390390 0.815088544855464 0.000065189266686 2.875739130749229 0.136420983669014 1.953288470096459 0.097656116204538
1024 2.249190000000000 0.007432540000000 -1.503398958507898 0.000097478305585 0.753012906323683 0.000115735921474 3.437569073491025 0.165398499750694 4.845870881665859 0.242271975267069
1024 2.239190000000000 0.007432540000000 -1.517935274130969 0.000085410700020 0.766226742350018 0.000098514343029 2.862711275682276 0.142942285087369 3.808482083940838 0.189980330678754
1024 2.219190000000000 0.010511200000000 -1.554584643342146 0.000094422868706 0.797233036973259 0.000086056720889 2.961523159094842 0.160171772514164 2.459972991431180 0.122852441441703
1024 2.189190000000000 0.007432540000000 -1.583376868664673 0.000084033543341 0.817745031718336 0.000071573957318 2.584134824679668 0.136286637536877 1.874648618579017 0.093656754471227
1024 2.169190000000000 0.008838830000000 -1.609791759010318 0.000077546353719 0.835438501601125 0.000060354428104 2.369096177384247 0.123790265501482 1.435086921231764 0.071730111109655
1024 2.229190000000000 0.010511200000000 -1.541835721954661 0.000082390341749 0.787538316514757 0.000077745556427 2.985499800864207 0.137896399451713 2.658370998203933 0.132904221120466
1024 2.259190000000000 0.004419420000000 -1.474925083893587 0.000102932294015 0.718521468970692 0.000159046959895 3.604578056956336 0.182148690156820 8.606010572563056 0.430196095435924
1024 2.179190000000000 0.007432540000000 -1.594978027953661 0.000089774904766 0.825817539127729 0.000074123519671 2.536252396908585 0.136884296134316 1.728998555787291 0.086389566785497
1024 2.209190000000000 0.012500000000000 -1.572661249435960 0.000087571231232 0.810504097250562 0.000072699870750 2.922841745448078 0.147651884808903 2.014418342765077 0.100636770296906
1024 2.239190000000000 0.008838830000000 -1.522740154133239 0.000097743302635 0.771176344940315 0.000104269651942 3.158549496074415 0.174698892203428 3.594425743745524 0.179530450864263
1024 2.199190000000000 0.012500000000000 -1.584585719896692 0.000079584636247 0.818669544814174 0.000065339528063 2.536733933991262 0.120482114769607 1.709891029549109 0.085359945152352
1024 2.219190000000000 0.012500000000000 -1.560634907022852 0.000091340846274 0.801980941649901 0.000079875641611 2.940859767913069 0.148248371592814 2.248914649312038 0.112406918427820
1024 2.249190000000000 0.008838830000000 -1.508757697092961 0.000084734512053 0.759183844361544 0.000095844486571 3.082861863347158 0.152407389110240 3.944279387882141 0.197162105663611
1024 2.169190000000000 0.010511200000000 -1.613751232816051 0.000079301049739 0.837761263541987 0.000060419648813 2.465363979535792 0.116380373488102 1.431131586284506 0.071550618567736
1024 2.189190000000000 0.008838830000000 -1.586910249434020 0.000080327213469 0.820290190274599 0.000068815995360 2.636276098003896 0.128051445728385 1.934836540282675 0.096723493645451
1024 2.229190000000000 0.012500000000000 -1.547770923988240 0.000093488580960 0.792480143985234 0.000085477837654 3.038186300101825 0.162473363466405 2.539828077341732 0.126956087260227
1024 2.179190000000000 0.008838830000000 -1.598704165366031 0.000085176546976 0.828230964127832 0.000070161379550 2.345925137634894 0.125655486190528 1.591733397050456 0.079560325909282
1024 2.259190000000000 0.005255600000000 -1.478893827686111 0.000096758024770 0.725090370842473 0.000136382382795 3.489286977585379 0.167679652988816 6.932330336698422 0.346354116728819
1024 2.209190000000000 0.014865100000000 -1.579072698035814 0.000079427198520 0.814875716506189 0.000065711154197 2.431427718702020 0.121236006950955 1.664182937000696 0.083196208954625
1024 2.239190000000000 0.010511200000000 -1.528520960098283 0.000084936126581 0.776844823813138 0.000089152214573 2.665452046888413 0.138677559739092 2.936636834567867 0.146767136252420
1024 2.199190000000000 0.014865100000000 -1.590397841804336 0.000084213631845 0.822412878780041 0.000067879239309 2.390679567772114 0.120821948525768 1.553211182038047 0.077596156841151
1024 2.219190000000000 0.014865100000000 -1.567010640573697 0.000084608231201 0.806616344967405 0.000068445055840 2.875077686003466 0.141960218104262 1.881518602551656 0.094015153886635
1024 2.249190000000000 0.010511200000000 -1.514519761244052 0.000094326029678 0.765340734129725 0.000100590205423 3.119282576513065 0.149119509228362 3.547341502711480 0.177179931969031
1024 2.169190000000000 0.012500000000000 -1.618359819593291 0.000077438288490 0.840359423653513 0.000056451807844 2.226255632501191 0.110372228225629 1.183093991613599 0.059146600357189
1024 2.229190000000000 0.014865100000000 -1.554628294676184 0.000086522100491 0.797923399801069 0.000076506274170 2.538880150991303 0.130890881911677 1.985099119804245 0.099053090097091
1024 2.189190000000000 0.010511200000000 -1.591310391088602 0.000084948772446 0.823234639848984 0.000066604728892 2.658012459381422 0.129656265613602 1.634003292100248 0.081658569338546
1024 2.239190000000000 0.012500000000000 -1.534655241440918 0.000093809534906 0.782578392890889 0.000093120804824 2.913549136073804 0.144706736009908 2.870924839165541 0.143505632551082
1024 2.209190000000000 0.017677700000000 -1.585955869461789 0.000079605439836 0.819333958129088 0.000063727160779 2.307000565838347 0.111521268175846 1.478466022901424 0.073901953088871
1024 2.179190000000000 0.010511200000000 -1.602608772315280 0.000081439393387 0.830704211545216 0.000063488008316 2.361595952943305 0.121081649938549 1.435224838235681 0.071751449754954
1024 2.259190000000000 0.006250000000000 -1.483205327438715 0.000096030809711 0.731518291189224 0.000126437115845 3.788014288072945 0.180122008361632 6.566585269970340 0.328014103507832
1024 2.219190000000000 0.017677700000000 -1.574144312069465 0.000088076853459 0.811502763871051 0.000069674445173 2.613476134354861 0.134221684684414 1.635467787129974 0.081705261127377
1024 2.169190000000000 0.014865100000000 -1.623691079443187 0.000079200203161 0.843207897063225 0.000055262035242 2.346906952604222 0.114621376893885 1.142607396976645 0.057044141249203
1024 2.249190000000000 0.012500000000000 -1.521204380445843 0.000091002871836 0.771743532977526 0.000092108987574 3.046217917270984 0.149681444670086 3.120719897593797 0.156030157056309
1024 2.199190000000000 0.017677700000000 -1.597379890619025 0.000078672855008 0.826651082433925 0.000058841936640 2.526159380399397 0.122077297970030 1.413138868946935 0.070620963845477
1024 2.229190000000000 0.017677700000000 -1.562258213668770 0.000089371471401 0.803407539712623 0.000076024705816 2.821568384485426 0.143309321808112 2.041748572766423 0.102027943163565
1024 2.189190000000000 0.012500000000000 -1.596308588482322 0.000082096113999 0.826439193406030 0.000063621540893 2.463123548744141 0.124407713162865 1.479276514555145 0.073961809672339
1024 2.239190000000000 0.014865100000000 -1.541885133615710 0.000091201093207 0.788544916495299 0.000081195870491 3.034216133927737 0.147758627352179 2.404995728614777 0.120015052932155
1024 2.209190000000000 0.021022400000000 -1.594121670900848 0.000083819590226 0.824130147156696 0.000061518325077 2.394320894526811 0.129208784077795 1.289734431499798 0.064475488773208
1024 2.259190000000000 0.007432540000000 -1.488411750127623 0.000109209079300 0.738748916671054 0.000134984739335 3.742065144109888 0.198938378660881 5.716934239132094 0.285611568839560
1024 2.179190000000000 0.012500000000000 -1.607707956662008 0.000076747961484 0.833771731524146 0.000056775966864 2.397777479394458 0.114578921312867 1.312212759893785 0.065530836247066
1024 2.219190000000000 0.021022400000000 -1.582723003068234 0.000082647676822 0.816879253072388 0.000062695144830 2.536817781759424 0.122595790984728 1.459808178771764 0.072946658926262
1024 2.249190000000000 0.014865100000000 -1.528737571830982 0.000093761014525 0.778622908871116 0.000090500942327 2.868906570651873 0.149282022831070 2.672871078885563 0.133515865539232
1024 2.169190000000000 0.017677700000000 -1.629892318465061 0.000071727804902 0.846350288171119 0.000048531159061 2.153750008334580 0.108819753086437 0.985965091580287 0.049289022942967
1024 2.199190000000000 0.021022400000000 -1.605351722670275 0.000087871374304 0.831092487196293 0.000063295700387 2.624952981570185 0.138425635693945 1.361993737734087 0.068021973070226
1024 2.229190000000000 0.021022400000000 -1.571127058657948 0.000082166265297 0.809376963616525 0.000063953446402 2.731104848386932 0.134262036552837 1.654547290881546 0.082705850682625
1024 2.209190000000000 0.025000000000000 -1.603277458771756 0.000079327655077 0.829168610121489 0.000056931880302 2.174440144377794 0.113288684455981 1.119977451387451 0.055918252712276
1024 2.179190000000000 0.014865100000000 -1.612919510067278 0.000086107672267 0.836731192804932 0.000062930542196 2.247651962381156 0.116103030256971 1.200516995100035 0.059960552040701
1024 2.259190000000000 0.008838830000000 -1.494197964555508 0.000092699380535 0.745824919678766 0.000108559097681 3.302411264470719 0.162857953758988 4.529079487785016 0.226334185827593
1024 2.189190000000000 0.014865100000000 -1.601970697964425 0.000074518407326 0.829825207138491 0.000054642011330 2.361873055874284 0.118805557379157 1.269938756656124 0.063488316212431
1024 2.239190000000000 0.017677700000000 -1.549797815981926 0.000083135790188 0.794740980889599 0.000070816395813 2.961461693662707 0.148072586823886 2.148808437849886 0.107393407379564
1024 2.219190000000000 0.025000000000000 -1.592299536473905 0.000092979478779 0.822430204028731 0.000067720677818 2.659258950837565 0.133304458976650 1.410681619576448 0.070528880743636
1024 2.169190000000000 0.021022400000000 -1.637022519409212 0.000078208808538 0.849665763703258 0.000050472898725 2.078590720416036 0.102845522865962 0.865713399824133 0.043273167535912
1024 2.249190000000000 0.017677700000000 -1.537097372172612 0.000087937243439 0.785403676721175 0.000074922316197 2.819202149145660 0.133976542674573 2.046458360025083 0.102112031791521
1024 2.199190000000000 0.025000000000000 -1.614335016342528 0.000077570120407 0.835757331388542 0.000054073631576 2.378376597693187 0.113309508778651 1.155746979727739 0.057766732759635
1024 2.229190000000000 0.025000000000000 -1.580894430548745 0.000090852524925 0.815341904451713 0.000067226787141 2.628545498451527 0.134846399935815 1.439216761432917 0.071880915778286
1024 2.209190000000000 0.029730200000000 -1.614091983471599 0.000081991857321 0.834676573453702 0.000055485561635 2.444201819005614 0.122471197456082 1.119323410370586 0.055940286671953
1024 2.179190000000000 0.017677700000000 -1.619239179802336 0.000077297119397 0.840062427036654 0.000054637253076 2.262591583971966 0.117058345565628 1.130465367159873 0.056489266259084
1024 2.259190000000000 0.010511200000000 -1.500410524464115 0.000089079882976 0.753032178589792 0.000100185973588 2.913284615392961 0.140299434506226 3.684999944122858 0.184199010988089
1024 2.239190000000000 0.021022400000000 -1.558924687607869 0.000088430733767 0.801159347494183 0.000071496432419 2.790425268391476 0.139580818094671 1.824032960747481 0.091081084018951
1024 2.219190000000000 0.029730200000000 -1.603334930787914 0.000083880236688 0.828337900206591 0.000058041207179 2.400280067331796 0.121212093025299 1.149252606263269 0.057368234189718
1024 2.189190000000000 0.017677700000000 -1.608680220366394 0.000070675433693 0.833661941860033 0.000051645259405 2.198714970156106 0.108614088936958 1.174067037775406 0.058680322243216
1024 2.169190000000000 0.025000000000000 -1.645227952186880 0.000075864456011 0.853297563699577 0.000049041602876 2.167287236564515 0.109108836940179 0.905668139015739 0.045270708934813
1024 2.199190000000000 0.029730200000000 -1.624539773037257 0.000075310242750 0.840673950214315 0.000050408693419 2.168800598792639 0.110240985346745 0.971678092161229 0.048545241087073
1024 2.229190000000000 0.029730200000000 -1.592359055190754 0.000082026061661 0.821749196862274 0.000057643437323 2.680649036315417 0.134670103337668 1.323841459182098 0.066110081354093
1024 2.249190000000000 0.021022400000000 -1.546737350080938 0.000079314088130 0.792712660954440 0.000067021271942 2.947409657218120 0.139810561663169 2.104578660302223 0.105017072396228
1024 2.209190000000000 0.035355300000000 -1.626337705635171 0.000076574018726 0.840391217379716 0.000049705193433 2.454699363648570 0.130510145322762 1.034281999121650 0.051708577411334
1024 2.179190000000000 0.021022400000000 -1.626736241053387 0.000075092221128 0.843809488535490 0.000051139970257 2.292722144370210 0.115331040014093 1.063365258164970 0.053158614030385
1024 2.259190000000000 0.012500000000000 -1.507327812788149 0.000094178872242 0.760325786439090 0.000098372515746 3.416899615008733 0.162478896379204 3.727973398290875 0.186178907681322
1024 2.239190000000000 0.025000000000000 -1.569179974621020 0.000083876080062 0.807834377313366 0.000062485150225 2.556506726391184 0.134847659806136 1.418810275616512 0.070875606985458
1024 2.219190000000000 0.035355300000000 -1.615587992417970 0.000087821178631 0.834340657873167 0.000056417981709 2.536373394271994 0.133470663016822 1.046766360722611 0.052271976884360
1024 2.169190000000000 0.029730200000000 -1.654732088549349 0.000071858813774 0.857276160500267 0.000044159189040 2.056788421119331 0.101985050101603 0.776732915761491 0.038826370012231
1024 2.189190000000000 0.021022400000000 -1.616086060081395 0.000080004932096 0.837538981982804 0.000053360845595 2.544650090669582 0.124535558647466 1.131983134244740 0.056572180191111
1024 2.199190000000000 0.035355300000000 -1.636435904180733 0.000076174546754 0.845967488812019 0.000047051270140 2.191200409658142 0.114225966929892 0.835997629625787 0.041758214366774
1024 2.249190000000000 0.025000000000000 -1.557389623722031 0.000091462405322 0.800010180723542 0.000074470763347 2.597366503687486 0.133651707168325 1.721946323554089 0.086055426424734
1024 2.229190000000000 0.035355300000000 -1.604896833738347 0.000088509549810 0.828178002445709 0.000060119401111 2.505774604125338 0.130626260598255 1.156088366797425 0.057746574796310
1024 2.209190000000000 0.042044800000000 -1.640037491243866 0.000080354727571 0.846190954509535 0.000049154953668 2.326116631869169 0.117210533350813 0.870448743357415 0.043443932925911
1024 2.179190000000000 0.025000000000000 -1.635092062481212 0.000074608472132 0.847707414687975 0.000049684697148 2.094536157089830 0.099402742619067 0.928874120038674 0.046377982834239
1024 2.259190000000000 0.014865100000000 -1.515187237068155 0.000094302465353 0.768045262714697 0.000094661562387 3.141072107668664 0.158415077474675 3.165039609452834 0.158247830652869
1024 2.219190000000000 0.042044800000000 -1.629891096781289 0.000077351463367 0.840714289803205 0.000047552585282 2.205144725134459 0.109532592318029 0.833390020152234 0.041644546338807
1024 2.169190000000000 0.035355300000000 -1.665499363508084 0.000073577659253 0.861379346112083 0.000043305161281 2.067384927446424 0.101474584299950 0.716157808704323 0.035801097231164
1024 2.189190000000000 0.025000000000000 -1.624708340190046 0.000076292625242 0.841747198268633 0.000051428662704 2.107673677559236 0.098260847991317 0.957742403959369 0.047819075499171
1024 2.239190000000000 0.029730200000000 -1.580895199577287 0.000079801245255 0.814747759807541 0.000058391967199 2.472195630824593 0.134780760436996 1.323639476737722 0.066173878802470
1024 2.199190000000000 0.042044800000000 -1.649818174624268 0.000075955620013 0.851379617529723 0.000045641399151 2.208882084689390 0.106127956213047 0.797573297061651 0.039851005806009
1024 2.229190000000000 0.042044800000000 -1.619761468996931 0.000077887640449 0.835110455560622 0.000049611135602 2.225791730711241 0.112702409454215 0.903037459941354 0.045111402543927
1024 2.209190000000000 0.050000000000000 -1.655589960027042 0.000074227321592 0.852221577329095 0.000042131133203 1.888128822196245 0.099939414046084 0.608289504558395 0.030396793135421
1024 2.249190000000000 0.029730200000000 -1.569391524572419 0.000078331669115 0.807483739906784 0.000057633581330 2.528720304630426 0.120957318056160 1.368917416520753 0.068408564886078
1024 2.259190000000000 0.017677700000000 -1.523972206545870 0.000091327120714 0.775681936504035 0.000088114498392 2.918892050081135 0.135423070430393 2.717147712535661 0.135588988372818
1024 2.179190000000000 0.029730200000000 -1.644819631353126 0.000074247433371 0.851976529747641 0.000047340597645 2.206942574762734 0.114003119860061 0.897213118397637 0.044837273874159
1024 2.169190000000000 0.042044800000000 -1.678308791210842 0.000073615017745 0.865917190732693 0.000041572228205 1.985657623375493 0.100403532980411 0.633254275228673 0.031659196460092
1024 2.219190000000000 0.050000000000000 -1.646104424539649 0.000070252272644 0.847297379151715 0.000042438172157 2.150092299818899 0.109526274450226 0.784602500916368 0.039163064689510
1024 2.199190000000000 0.050000000000000 -1.665409466543313 0.000073944574397 0.857195946022318 0.000042070077326 2.109105528460088 0.104948552935184 0.682703773566020 0.034077260886152
1024 2.189190000000000 0.029730200000000 -1.634926173336967 0.000068274974236 0.846451745699472 0.000044496834911 2.027334429932907 0.105969041513130 0.861113795643639 0.043022505310067
1024 2.239190000000000 0.035355300000000 -1.594022698605365 0.000081330298549 0.821823015237403 0.000057862243295 2.419160787013642 0.105906219201942 1.224476727540043 0.061218358341787
1024 2.229190000000000 0.050000000000000 -1.636129498230782 0.000078732727461 0.842031950699655 0.000049140499626 2.213121188166725 0.109812420192404 0.862131947024953 0.043098876907648
1024 2.249190000000000 0.035355300000000 -1.582997471830724 0.000081411957432 0.815219237610101 0.000059351186558 2.385434320355670 0.121759960612476 1.267797471792979 0.063320330306452
1024 2.259190000000000 0.021022400000000 -1.533872827441315 0.000092117813000 0.783557524577031 0.000079782727188 3.064178003387047 0.150664278246619 2.298500001670863 0.114667725934416
1024 2.179190000000000 0.035355300000000 -1.656127246295244 0.000077879598771 0.856492974417549 0.000047005306657 2.039996407005457 0.103359032677931 0.743148785430622 0.037133214850638
1024 2.209190000000000 0.059460400000000 -1.673834426853728 0.000066429956672 0.858639562554039 0.000036939970928 2.117609801837486 0.108722342508842 0.654803660874185 0.032733332041100
1024 2.169190000000000 0.050000000000000 -1.692816291357337 0.000068034299073 0.870682467684221 0.000037456109063 1.868291443091982 0.097855431698796 0.566283772930310 0.028306118648576
1024 2.199190000000000 0.059460400000000 -1.682878717844882 0.000070396831945 0.863067544230447 0.000037268830278 1.904488845031651 0.093484672537075 0.533781757631774 0.026658690125546
1024 2.219190000000000 0.059460400000000 -1.664404736923186 0.000077727981147 0.853971193507759 0.000043137834418 2.380818303813907 0.118821668127061 0.733310925243359 0.036652241043727
1024 2.189190000000000 0.035355300000000 -1.646416909029428 0.000076257968314 0.851324376170815 0.000048819748764 2.178179526689224 0.112394026000163 0.892717998593154 0.044545300207614
1024 2.239190000000000 0.042044800000000 -1.608993067729197 0.000083197610618 0.829159529962365 0.000053302213388 2.479659850042717 0.122163872781175 1.017796351376346 0.050809270006786
1024 2.229190000000000 0.059460400000000 -1.654679149809680 0.000072450245737 0.849128076008387 0.000041717169599 2.071545676181486 0.105075535203950 0.686822411348829 0.034328406550306
1024 2.259190000000000 0.025000000000000 -1.545130534454991 0.000093361992685 0.791789580702609 0.000075090840890 2.791492543413687 0.155347642228168 1.805802219241818 0.090257894247497
1024 2.249190000000000 0.042044800000000 -1.598353594600675 0.000088299499998 0.822978858947754 0.000057810070896 2.540782174182326 0.127266170917116 1.089075401789528 0.054410655892483
1024 2.179190000000000 0.042044800000000 -1.669002895504158 0.000075604217835 0.861261288891845 0.000044419116736 1.925284460273663 0.102164453909296 0.664572999880294 0.033221069561851
1024 2.209190000000000 0.070710700000000 -1.694362799872733 0.000073708061929 0.865179532534117 0.000039378381947 1.983002074355325 0.098923085294255 0.565990209078477 0.028250424522707
1024 2.219190000000000 0.070710700000000 -1.685391218358059 0.000076654618954 0.860915558385985 0.000041283092340 1.935151018669412 0.099472832061400 0.561283979629131 0.028043679583647
1024 2.199190000000000 0.070710700000000 -1.703324374450754 0.000075317370337 0.869389293041635 0.000038750790563 2.031268787394522 0.107277868835144 0.537697766336068 0.026882371353410
1024 2.239190000000000 0.050000000000000 -1.625925791263582 0.000083719409849 0.836602237489488 0.000050242483419 2.359881383519197 0.123972501627122 0.849923922663278 0.042479479993237
1024 2.189190000000000 0.042044800000000 -1.659458690810083 0.000076321209979 0.856411508945604 0.000043839506063 2.151103612329886 0.107175924914575 0.709744670938825 0.035437812854648
1024 2.169190000000000 0.059460400000000 -1.709587994690425 0.000068066785557 0.875744392699537 0.000035191208550 2.073880793244374 0.098844130463063 0.554346959586263 0.027676876035747
1024 2.229190000000000 0.070710700000000 -1.676139753532967 0.000073138274845 0.856481673077839 0.000040228194939 2.060754008069813 0.107928951340524 0.623444532812911 0.031139907892785
1024 2.179190000000000 0.050000000000000 -1.683866815006035 0.000073651635394 0.866347401863875 0.000040866242072 1.816681713592428 0.094459232116321 0.559298252005227 0.027961501512833
1024 2.259190000000000 0.029730200000000 -1.557427537991734 0.000088567981271 0.799785043055716 0.000067308332581 2.781595702279304 0.146146111381115 1.606490563237448 0.080229804164550
1024 2.249190000000000 0.050000000000000 -1.615493301144259 0.000078486069116 0.830938049088097 0.000050150322571 2.300336880615016 0.114183185582632 0.939190621056463 0.046954657672027
1024 2.209190000000000 0.084089600000000 -1.718036213547571 0.000071667222258 0.872033168884819 0.000036156162175 1.916154549569949 0.094975535274678 0.487701444650796 0.024374404314142
1024 2.219190000000000 0.084089600000000 -1.709327913501211 0.000073069369703 0.868061759030834 0.000036841495282 1.947571672717239 0.098609056805114 0.495104899381834 0.024753985750207
1024 2.239190000000000 0.059460400000000 -1.645094647543854 0.000078244359177 0.844174773886226 0.000045033064749 2.155921204182172 0.102393306601314 0.714150617659292 0.035699009498138
1024 2.199190000000000 0.084089600000000 -1.726503835945949 0.000065364130655 0.875833127233716 0.000032337076637 1.758032647205695 0.087404002889475 0.430278324413975 0.021502411615256
1024 2.189190000000000 0.050000000000000 -1.674598661594745 0.000073343751272 0.861747663280377 0.000041380427751 1.940160557927241 0.107501980196845 0.617591606727363 0.030861770913479
1024 2.229190000000000 0.084089600000000 -1.700432174137195 0.000077022073039 0.863972555567353 0.000040425910202 2.011956092144522 0.114688969722306 0.554252557499575 0.027710497289498
1024 2.169190000000000 0.070710700000000 -1.728819770978103 0.000066488300235 0.881020110189629 0.000032506526665 1.784346757169440 0.086623898524315 0.426510699084566 0.021320646839997
1024 2.259190000000000 0.035355300000000 -1.571459555558817 0.000085748645326 0.808159283032121 0.000062890555638 2.354782406615162 0.124015696811472 1.266680574758622 0.063294982610182
1024 2.179190000000000 0.059460400000000 -1.700934102241381 0.000067152502021 0.871704981705853 0.000035919765314 1.855219617061091 0.090310211685583 0.530808552477226 0.026505993615856
1024 2.209190000000000 0.100000000000000 -1.744758652875764 0.000071086782899 0.878862452379523 0.000033793853923 1.791699476927020 0.089856944199807 0.404914091799842 0.020242573663182
1024 2.249190000000000 0.059460400000000 -1.635118839718284 0.000075765097582 0.839036522059669 0.000045694924993 2.065995843823600 0.109580948809093 0.751496577802220 0.037558009707406
1024 2.219190000000000 0.100000000000000 -1.736636213541993 0.000074049891149 0.875351209550412 0.000034777315242 1.917282000820410 0.099044464706647 0.422891786630193 0.021097829580869
1024 2.239190000000000 0.070710700000000 -1.666891928553800 0.000075153903042 0.851976243314574 0.000041908684627 2.097419179220577 0.105503286523402 0.652214146885360 0.032539754790419
1024 2.199190000000000 0.100000000000000 -1.752987291031526 0.000072322818834 0.882399620462199 0.000034508986028 1.778186793972727 0.092924975550055 0.404847151978161 0.020231848416169
1024 2.189190000000000 0.059460400000000 -1.691994217487415 0.000071943587808 0.867460933875806 0.000038054829482 2.032892877902155 0.103953129978824 0.568787273453071 0.028432585137623
1024 2.229190000000000 0.100000000000000 -1.728184578086759 0.000073796944967 0.871624874163277 0.000036448159858 2.021187468966818 0.106967383408214 0.493038739783867 0.024622320172390
1024 2.169190000000000 0.084089600000000 -1.751143275096885 0.000067051108621 0.886591195791993 0.000031128683217 1.929866249920657 0.098419131150026 0.415945839978193 0.020790132541266
1024 2.259190000000000 0.042044800000000 -1.587291582452443 0.000087928856972 0.816615152946086 0.000057899274771 2.619587271695323 0.135112769099866 1.135837660253461 0.056755389503568
1024 2.179190000000000 0.070710700000000 -1.720535954886717 0.000070223538094 0.877267398709566 0.000034616936573 1.812857168733474 0.093842676723062 0.440529949371150 0.022019382331663
