2048 3.570960000000000 0.000020529700000 -2.152007607469940 0.000084530585209 0.731889437582595 0.000088988688727 6.109899260489443 0.340170843328766 6.771360147454361 0.338552606195820
2048 3.580960000000000 0.000020529700000 -2.134696870753948 0.000085480370089 0.718218793273764 0.000099999093080 6.435926309988348 0.327881505118633 8.807859896960755 0.440361590477540
2048 3.610960000000000 0.000020529700000 -2.077846446348885 0.000098356507252 0.659686603597073 0.000190877833707 8.405141342100102 0.474015247107780 31.655546813738251 1.582539572693030
2048 3.550960000000000 0.000020529700000 -2.183924474437596 0.000082202848957 0.754358636856080 0.000073255378975 5.978189548644337 0.307079775550651 4.747609399572518 0.237367637228832
2048 3.600960000000000 0.000020529700000 -2.098007362446321 0.000093995695668 0.683663019530225 0.000134498815133 7.954942306686888 0.409383709279670 16.287634618690561 0.813890256891237
2048 3.620960000000000 0.000020529700000 -2.056209459573512 0.000098862169039 0.628835347532495 0.000244584967415 9.215541337365094 0.489477777392286 56.405324800991785 2.819600817623376
2048 3.560960000000000 0.000020529700000 -2.168165258114048 0.000073770303425 0.743621763551092 0.000071092726440 5.313864541328750 0.263855958320602 4.935119574062498 0.246423569847725
2048 3.630960000000000 0.000020529700000 -2.031839398978433 0.000108379436140 0.578670167355312 0.000430177564860 11.383981341158973 0.642446106301682 179.347742486808698 8.966837283075449
2048 3.590960000000000 0.000020529700000 -2.116812422365773 0.000080638473646 0.702497035155804 0.000096799814599 6.212798068251962 0.341655280481415 8.952651762562354 0.447340387540544
2048 3.540960000000000 0.000020529700000 -2.199152677006126 0.000069643906562 0.764039672745597 0.000057353745480 5.164934565852192 0.229780590981919 3.502854877226876 0.174996941924110
2048 3.580960000000000 0.000024414100000 -2.134746631417178 0.000084183873344 0.718242213487289 0.000100032861777 5.876943295524686 0.286304394436454 8.298107931337308 0.414536141260419
2048 3.570960000000000 0.000024414100000 -2.151893241168498 0.000078995954289 0.731910763611430 0.000079356232322 6.435453175230194 0.292825672819865 6.494287569009892 0.324675564678577
2048 3.600960000000000 0.000024414100000 -2.097967594190981 0.000086347485424 0.683422452673493 0.000139417829719 6.600161905946767 0.311107167063286 17.206472135233255 0.859973185965652
2048 3.550960000000000 0.000024414100000 -2.183965007981733 0.000074347405675 0.754411759536021 0.000065152028806 5.654102191287039 0.269472563013429 4.341980857358084 0.216925358569485
2048 3.610960000000000 0.000024414100000 -2.078055370913179 0.000088569135886 0.660390445696457 0.000171200448314 8.155020881682489 0.368370266625925 30.469831849130138 1.521747288502012
2048 3.560960000000000 0.000024414100000 -2.168254214121604 0.000076995363301 0.743688858209760 0.000074505367069 5.844500664712648 0.305789341297506 5.472595950214147 0.273590367822826
2048 3.630960000000000 0.000024414100000 -2.031949044237517 0.000102610076723 0.580077377208394 0.000409315466886 10.861002748153442 0.614774869998604 172.824858653809400 8.633166712838182
2048 3.540960000000000 0.000024414100000 -2.198979471895971 0.000071851742351 0.763861479917408 0.000058804660644 5.155147147691851 0.246470226086059 3.452947335235881 0.172593895936784
2048 3.590960000000000 0.000024414100000 -2.116878637025740 0.000086880024277 0.702387809176135 0.000112340086017 7.273495137707433 0.349444765313000 12.161098043379546 0.607057612065214
2048 3.620960000000000 0.000024414100000 -2.056149689257572 0.000085787452197 0.628589975566920 0.000214298124356 8.746435098923879 0.407287587666446 54.578334398291211 2.723891831524428
2048 3.580960000000000 0.000029033400000 -2.134925580667872 0.000086486722205 0.718399795326027 0.000104319204709 6.150301732447473 0.301307079673843 8.948002192704857 0.447227479250361
2048 3.600960000000000 0.000029033400000 -2.098285243394203 0.000094556926952 0.684006642708210 0.000148591339140 7.602407879927807 0.359907305408200 18.773768614348150 0.937279548907075
2048 3.550960000000000 0.000029033400000 -2.183881584847884 0.000078937032929 0.754339747151510 0.000068394379071 5.306534419274715 0.281672230597699 3.983732891099558 0.198982933170271
2048 3.570960000000000 0.000029033400000 -2.151968553843850 0.000080269980994 0.731963076692694 0.000085301257203 6.054401617448550 0.307444234765190 6.837160424681218 0.341804484536055
2048 3.560960000000000 0.000029033400000 -2.168079368246761 0.000077153993357 0.743694346495782 0.000072767829116 5.609183074684852 0.272377658566413 4.989552928209201 0.249427411880247
2048 3.540960000000000 0.000029033400000 -2.199180274949748 0.000076364890484 0.763982086102933 0.000065399948320 5.014908009673200 0.233359374623067 3.678157439076944 0.183873196152074
2048 3.630960000000000 0.000029033400000 -2.032150569162976 0.000107183778207 0.580952029867270 0.000405964368966 10.284857198925627 0.550742961656690 147.542105902498918 7.364725388374459
2048 3.610960000000000 0.000029033400000 -2.077922179426168 0.000085287669205 0.660092330885681 0.000167769563869 7.545033592233830 0.401243730161287 29.195440817727249 1.457649188752657
2048 3.590960000000000 0.000029033400000 -2.117042420809739 0.000087963695593 0.702681389070096 0.000119046672524 7.203019531781703 0.355249467301973 13.192958015382670 0.658506718471952
2048 3.620960000000000 0.000029033400000 -2.056220466609409 0.000097337287860 0.628885427370615 0.000240128695212 9.416336014296949 0.499819838397082 57.307516387705448 2.864475875039162
2048 3.580960000000000 0.000034526700000 -2.134776445905804 0.000077924561846 0.718367698176808 0.000092316126392 6.436618244877413 0.295377806146097 9.033668717918468 0.451560287705171
2048 3.570960000000000 0.000034526700000 -2.152094602848118 0.000077844545967 0.732082404512347 0.000082406874496 5.864871629406203 0.290864348637830 6.572476109279444 0.328317774086384
2048 3.550960000000000 0.000034526700000 -2.184059496652000 0.000074867836284 0.754396765622649 0.000067290735590 5.409121602539677 0.278962971104917 4.369650808240138 0.218266193794478
2048 3.540960000000000 0.000034526700000 -2.199178341300394 0.000077187751333 0.764057388544747 0.000062896277071 5.060050108271268 0.262710651664357 3.359757396536235 0.167981739770952
2048 3.600960000000000 0.000034526700000 -2.098132850498206 0.000081309471487 0.683919973549827 0.000126630798369 7.069139710904667 0.312061617923033 17.146006284501571 0.857243364412313
2048 3.560960000000000 0.000034526700000 -2.168197356619511 0.000072211327604 0.743641456144046 0.000068168842209 5.546144987633927 0.250181432496563 4.942565068550589 0.247072178190013
2048 3.610960000000000 0.000034526700000 -2.077970727424781 0.000095200381071 0.660570017798779 0.000174099591014 8.853410399555077 0.452342387185724 29.609339838560366 1.480380707615611
2048 3.630960000000000 0.000034526700000 -2.032113636198412 0.000101781021064 0.581051545427335 0.000382727749456 10.829804729508018 0.573434738291718 153.132341239947607 7.653496782261909
2048 3.620960000000000 0.000034526700000 -2.056055524355081 0.000097399197334 0.628736040891350 0.000239142174276 8.659107884206380 0.509549441570834 52.200509492157444 2.608175210003779
2048 3.590960000000000 0.000034526700000 -2.116961717869414 0.000087143684045 0.702619318749496 0.000117328991764 6.954040758479891 0.355514858319430 12.605964424543854 0.630037700313905
2048 3.580960000000000 0.000041059400000 -2.134870749996816 0.000085769978475 0.718428334944625 0.000097467573093 6.358979116438006 0.320477635640737 8.211776135680095 0.409825565854642
2048 3.550960000000000 0.000041059400000 -2.183912541933705 0.000086763409111 0.754313805762758 0.000073303015393 6.259793395229279 0.306178258240764 4.468177979027556 0.223102898616595
2048 3.570960000000000 0.000041059400000 -2.151884275879187 0.000076590231664 0.731994159105281 0.000084220508667 6.063234393246849 0.295838843901051 7.331507977688146 0.366024595404463
2048 3.540960000000000 0.000041059400000 -2.199240432582628 0.000074465016063 0.764093470748304 0.000060154481736 5.366183448072682 0.264820462367597 3.501844999690892 0.175076294608181
2048 3.600960000000000 0.000041059400000 -2.098195883040037 0.000093491069342 0.684047316722114 0.000151068019209 7.431983246675657 0.371475697819279 19.404816363330283 0.969248574329002
2048 3.560960000000000 0.000041059400000 -2.168253721973213 0.000073145415874 0.743664380882967 0.000072626665731 5.243126820424059 0.249551176474291 5.169021614244218 0.258419785503742
2048 3.620960000000000 0.000041059400000 -2.056529156935921 0.000099724228196 0.629989853788526 0.000232382631835 9.192643886471805 0.463553849953951 49.916761407203154 2.494288396599331
2048 3.610960000000000 0.000041059400000 -2.078055457258765 0.000086606361980 0.660689736454865 0.000165975582046 7.963115490543330 0.373699914380363 29.246360124059834 1.460092556129225
2048 3.590960000000000 0.000041059400000 -2.116870631529713 0.000081609425727 0.702658977391530 0.000112223557237 6.332196532246845 0.305841250902770 11.974070297863097 0.598151901609729
2048 3.580960000000000 0.000048828100000 -2.134945184594023 0.000078976474917 0.718573605999837 0.000096404842702 6.034426092723662 0.304556142598075 8.991624929774993 0.448773490268266
2048 3.550960000000000 0.000048828100000 -2.184150849766472 0.000069416852267 0.754516441774014 0.000060419722425 5.361605552898510 0.241906422613566 4.061836881647960 0.202829232060438
2048 3.540960000000000 0.000048828100000 -2.199172952192794 0.000076641488945 0.764006493055278 0.000061954609120 5.475723157165458 0.255377198487054 3.578169081637802 0.178751079577092
2048 3.600960000000000 0.000048828100000 -2.098321327870742 0.000092308614005 0.684206771104556 0.000144224425450 7.602472141640647 0.377270351040760 18.558719683507583 0.926707711589506
2048 3.570960000000000 0.000048828100000 -2.152140656435514 0.000074850367149 0.732139543175444 0.000078742442675 6.165983807631477 0.293405075271271 6.823894060794057 0.340891542345826
2048 3.560960000000000 0.000048828100000 -2.168408361813885 0.000076872286753 0.743934700371129 0.000073585368617 5.763187469661137 0.279421652810608 5.280877406363291 0.263493037017051
2048 3.630960000000000 0.000041059400000 -2.032419913809696 0.000073401960560 0.582545452081977 0.000292491559704 9.902023204933508 0.395355525774024 157.229957265877374 7.849367961742107
2048 3.610960000000000 0.000048828100000 -2.078344835948031 0.000092417091297 0.661180951579517 0.000178073729239 7.480199210223431 0.389005511257414 27.772071874335133 1.387362210157234
2048 3.620960000000000 0.000048828100000 -2.056588839787995 0.000093378732631 0.630210825692939 0.000233462419758 9.191227590763246 0.444000418408731 57.452844386812572 2.872478467344038
2048 3.590960000000000 0.000048828100000 -2.117007890240630 0.000084572941319 0.702767473194023 0.000113769267507 7.126253022062198 0.376825667800383 12.895800090523407 0.644431829864347
2048 3.580960000000000 0.000058066800000 -2.135028454624635 0.000083422762257 0.718575931457153 0.000095512909155 6.757469545360902 0.323296101994235 8.858070072597206 0.441961209456741
2048 3.550960000000000 0.000058066800000 -2.184021663879487 0.000081049065165 0.754451558201111 0.000069811429197 6.129671995860752 0.318794884301706 4.547725824721786 0.227095512537825
2048 3.560960000000000 0.000058066800000 -2.168171877788224 0.000081991091796 0.743743890107652 0.000080761793857 5.321026494991674 0.272217400842533 5.162665605224755 0.257897970543942
2048 3.570960000000000 0.000058066800000 -2.152106174165339 0.000081973166898 0.732073588074798 0.000083266241257 6.085170125718342 0.304213182638689 6.278663646918588 0.313744956960652
2048 3.600960000000000 0.000058066800000 -2.098307512905762 0.000084790657276 0.684354928157520 0.000130209569684 6.908624041971194 0.333748592509386 16.292261166980900 0.814241191634657
2048 3.540960000000000 0.000058066800000 -2.199281138730486 0.000070970041460 0.764064125977080 0.000056026210135 5.285946016766861 0.250206146421187 3.294238945993016 0.164701839982209
2048 3.620960000000000 0.000058066800000 -2.056755806524893 0.000099136571755 0.630807960324172 0.000234479384163 9.323691001588191 0.478472865264749 52.159018284094962 2.607673908544253
2048 3.610960000000000 0.000058066800000 -2.078343556441473 0.000089343040112 0.661084807717562 0.000176178671112 7.880932455052355 0.362730711131222 30.645224864597921 1.531900602901854
2048 3.580960000000000 0.000069053400000 -2.135090338200019 0.000087003175063 0.718607963971645 0.000099775244497 6.596348222414522 0.338523536213524 8.675189527700146 0.433139313218512
2048 3.630960000000000 0.000048828100000 -2.032534426452663 0.000099106853665 0.583434856512319 0.000362720131122 11.527616651558231 0.589420966689672 154.410015840050050 7.717902960696049
2048 3.590960000000000 0.000058066800000 -2.117213306401836 0.000085925230192 0.702885119702803 0.000113918059497 6.579839249690531 0.328341621666871 11.565356704617843 0.578192400895843
2048 3.560960000000000 0.000069053400000 -2.168383951053920 0.000077107184301 0.743943642584237 0.000075264928219 5.413298704971089 0.277574685655901 5.157718160661291 0.257449152152139
2048 3.570960000000000 0.000069053400000 -2.152171588048188 0.000079209352357 0.732218101545034 0.000084720841566 5.799660561270998 0.291703862323349 6.634835714808693 0.331555350586311
2048 3.550960000000000 0.000069053400000 -2.184066624758020 0.000075836313205 0.754386406847842 0.000068230571747 5.876038802059297 0.305774728955707 4.756508234428057 0.237784806726278
2048 3.600960000000000 0.000069053400000 -2.098281113847041 0.000085960494321 0.684269276186655 0.000129217775395 7.548123708131045 0.383974007787972 17.056335134772574 0.852036821339053
2048 3.540960000000000 0.000069053400000 -2.199278704254737 0.000069874714313 0.764127828268858 0.000058807170464 4.886925104721195 0.241457365700374 3.461434834642303 0.173017966787329
2048 3.580960000000000 0.000082118800000 -2.135105930761044 0.000088694674748 0.718791060473608 0.000102442656997 6.772404111785964 0.341195663561136 9.034610662006294 0.450799003092083
2048 3.610960000000000 0.000069053400000 -2.078263804482917 0.000091407785004 0.661064683968294 0.000167590220932 8.200877154725118 0.382011522526074 27.567112775734632 1.376182870902688
2048 3.620960000000000 0.000069053400000 -2.056881121273674 0.000092405660364 0.631239688088153 0.000226203798517 9.168811864012815 0.439922174041218 54.943421208959982 2.744985736306459
2048 3.590960000000000 0.000069053400000 -2.117260684016736 0.000084486513260 0.703151460677858 0.000111199639392 6.819890712987668 0.327055245040830 11.814338189509410 0.590590260638578
2048 3.630960000000000 0.000058066800000 -2.032703266419213 0.000096725429837 0.584832714935207 0.000341887967284 10.266995744377398 0.592930086801850 128.271353545360626 6.411277197295437
2048 3.560960000000000 0.000082118800000 -2.168496813421683 0.000082254084737 0.743951301498108 0.000077097985209 5.944927808785802 0.311156112005242 5.222971961973887 0.261128306507565
2048 3.550960000000000 0.000082118800000 -2.184293037491147 0.000081610113150 0.754675922866466 0.000070830789435 5.388807325848247 0.271015129976733 4.059278610036483 0.202799665061353
2048 3.570960000000000 0.000082118800000 -2.152038412568166 0.000075039607912 0.732083352859334 0.000080181111534 5.568883375712432 0.261782054422228 6.358155653062689 0.317684971439003
2048 3.600960000000000 0.000082118800000 -2.098467726178272 0.000087224162943 0.684662574030495 0.000137026371049 7.186808659085380 0.362941201181968 17.736616426135086 0.885964383464346
2048 3.580960000000000 0.000097656300000 -2.135272018600044 0.000078143284983 0.718956182926929 0.000088979610343 6.065123034688169 0.270596022981008 7.863887395297750 0.392867854663128
2048 3.540960000000000 0.000082118800000 -2.199398634790920 0.000072082861675 0.764178017005834 0.000057409722449 5.397622612703968 0.258299425391622 3.423807757737361 0.171081240212411
2048 3.620960000000000 0.000082118800000 -2.057055186277110 0.000097481477702 0.631995173459926 0.000235585940032 9.290152259204261 0.486959514242937 54.259696423068192 2.711587342762055
2048 3.610960000000000 0.000082118800000 -2.078575905351301 0.000085597410694 0.661923494121065 0.000159202335470 7.812700272504404 0.364930559828874 27.025813605223654 1.348598122048543
2048 3.590960000000000 0.000082118800000 -2.117212898817311 0.000081237312811 0.703219479315430 0.000108151183956 6.552082562907635 0.300836761135655 11.612636156063020 0.579908903214916
2048 3.570960000000000 0.000097656300000 -2.152275793462033 0.000090984297468 0.732446205578860 0.000090798115861 6.232550996773521 0.359530369016418 6.207069696367045 0.310335551973023
2048 3.560960000000000 0.000097656300000 -2.168632960749292 0.000082475109485 0.744106096342990 0.000080418534673 6.081075377017125 0.310194418395122 5.781584748888481 0.289048838173255
2048 3.550960000000000 0.000097656300000 -2.184176890232440 0.000080831483648 0.754663259491285 0.000073124547782 5.903868288774294 0.304916415165611 4.831722084983447 0.241441681953743
2048 3.630960000000000 0.000069053400000 -2.033104503114224 0.000093962955647 0.586474670880083 0.000334442052419 9.841903259933664 0.490575658492562 124.683077514228259 6.225234786992869
2048 3.580960000000000 0.000116134000000 -2.135381791335066 0.000084988469571 0.719111479808430 0.000098126030016 6.057500721595718 0.319555254924493 8.074988528629543 0.403338095783211
2048 3.540960000000000 0.000097656300000 -2.199345470220853 0.000075171987354 0.764206479667243 0.000061906699871 5.220902111076785 0.244541127638214 3.540860302612685 0.176992450353457
2048 3.620960000000000 0.000097656300000 -2.057267084166808 0.000101342466292 0.632314340884869 0.000241323425620 9.267371509642778 0.497212214305556 52.549985207823227 2.622596310349547
2048 3.600960000000000 0.000097656300000 -2.098597013512536 0.000084947113564 0.684739640002233 0.000127482545220 7.161078840116098 0.379151841406032 16.128079426207403 0.806112951744704
2048 3.610960000000000 0.000097656300000 -2.078521495345147 0.000085864263281 0.661836412657110 0.000157874425098 8.255419690837641 0.407689732019811 27.908585468021531 1.395343026956890
2048 3.570960000000000 0.000116134000000 -2.152361804791965 0.000080990460785 0.732392400867491 0.000081711899348 6.294550400981847 0.307553993098443 6.407189762882981 0.320328233349037
2048 3.560960000000000 0.000116134000000 -2.168671907663253 0.000078646394943 0.744222221632579 0.000073156776678 5.915704584624591 0.281658323277691 5.118679794562436 0.255742192720248
2048 3.590960000000000 0.000097656300000 -2.117428178841083 0.000087893396655 0.703284356064580 0.000116740341005 7.669742071817396 0.367043477425392 13.530385734089185 0.676085724172888
2048 3.550960000000000 0.000116134000000 -2.184341921139599 0.000074605681353 0.754723678882663 0.000065783196946 5.371307093389675 0.265047872013584 4.176054252981539 0.208669428823629
2048 3.630960000000000 0.000082118800000 -2.033335260613451 0.000099416052091 0.587742893441209 0.000326759667992 10.572128969847094 0.669047331421215 114.210575239947573 5.704403977986659
2048 3.580960000000000 0.000138107000000 -2.135571538592051 0.000086117819984 0.719487306982650 0.000097994494209 6.271677052310969 0.326511070856677 8.120840555524026 0.405808380360837
2048 3.540960000000000 0.000116134000000 -2.199421844197024 0.000077389649034 0.764240479738700 0.000061630141942 5.015613374689856 0.257267445663700 3.180860576326241 0.159040149305725
2048 3.600960000000000 0.000116134000000 -2.098698599976972 0.000091278966870 0.685318371677657 0.000135561142213 7.191198010187628 0.369233282932496 15.860988649369553 0.792015886546952
2048 3.620960000000000 0.000116134000000 -2.057329223590528 0.000092519913908 0.632901796008635 0.000216628256971 8.299120592671837 0.413103288008743 45.497951765774054 2.274201127725877
2048 3.570960000000000 0.000138107000000 -2.152325197715439 0.000083005863620 0.732367776199574 0.000086912399012 5.810545526611326 0.306098718811499 6.370343324162740 0.318461183690433
2048 3.590960000000000 0.000116134000000 -2.117579910197297 0.000087860332573 0.703694772213063 0.000113106780291 6.771345282588499 0.349975443877960 11.221904122911512 0.560312795717654
2048 3.610960000000000 0.000116134000000 -2.078885799564022 0.000087211598941 0.662705727375537 0.000165700871415 7.385705769635481 0.368593647600418 26.662022412972814 1.332793358925071
2048 3.560960000000000 0.000138107000000 -2.168801275304349 0.000081404446254 0.744368551962030 0.000074552744062 6.197400524046293 0.287157470564673 5.198051500624018 0.259834241556557
2048 3.550960000000000 0.000138107000000 -2.184357223067037 0.000073663111260 0.754772576941064 0.000065886520652 5.313354235341461 0.290018916395485 4.250713190196901 0.212467731524500
2048 3.580960000000000 0.000164238000000 -2.135656288996181 0.000089119467424 0.719487450573896 0.000099331343724 6.874641226079850 0.333708097060191 8.540385885898264 0.426956832999520
2048 3.630960000000000 0.000097656300000 -2.033550455691659 0.000098021103545 0.589880016795751 0.000330149883057 9.922363520192896 0.511628364758864 112.563672610284328 5.627306819895866
2048 3.540960000000000 0.000138107000000 -2.199534675222293 0.000072108392101 0.764337600557786 0.000058706694576 5.155086595522830 0.253887203814612 3.416957671052214 0.170774843199863
2048 3.620960000000000 0.000138107000000 -2.057819241715782 0.000098023845664 0.634710913828571 0.000220156627775 8.770530602419946 0.449847972962956 44.241100701524935 2.211377154244827
2048 3.600960000000000 0.000138107000000 -2.099043589199845 0.000090448638492 0.685822461365135 0.000130533432643 7.470707586360388 0.362820925947635 15.559698869935319 0.777152127037519
2048 3.570960000000000 0.000164238000000 -2.152431544860792 0.000087241747262 0.732666935051345 0.000087731625915 6.463413281809764 0.323417210694790 6.536203613065990 0.326181039637256
2048 3.590960000000000 0.000138107000000 -2.117744310956204 0.000088254945170 0.704079667727152 0.000112819546055 6.868697458139401 0.359543533953977 11.224447801324359 0.561049614699314
2048 3.610960000000000 0.000138107000000 -2.079118762755298 0.000088711975400 0.663338567719567 0.000163944747947 7.358640857196209 0.390140566700839 25.132062098493655 1.256371508012409
2048 3.580960000000000 0.000195313000000 -2.135812344204134 0.000081346571139 0.719803862901604 0.000093738838526 6.154027609477908 0.293721137984017 8.171844111383601 0.408484568925627
2048 3.550960000000000 0.000164238000000 -2.184542497781974 0.000076315327572 0.754957268610026 0.000066299683983 5.372651907912614 0.252744681235798 4.054974009982780 0.202508966248118
2048 3.560960000000000 0.000164238000000 -2.168976106608932 0.000076024376836 0.744543183727672 0.000070921770680 5.725251154965399 0.315279486916451 4.982507315199308 0.248996431135065
2048 3.630960000000000 0.000116134000000 -2.033892682778538 0.000108231841955 0.591429166896369 0.000349532594153 10.053964628377276 0.554322930653466 104.858252129477265 5.239630166009831
2048 3.540960000000000 0.000164238000000 -2.199586005550557 0.000088120217755 0.764403293821875 0.000069599119663 5.941861507949813 0.291980172683336 3.706627082194576 0.185046962620435
2048 3.620960000000000 0.000164238000000 -2.058160699892477 0.000099901127152 0.635553584273195 0.000210410427829 9.155923079337629 0.467824978297576 40.615880980333337 2.027375665859504
2048 3.600960000000000 0.000164238000000 -2.099200285814504 0.000086456350958 0.685998272717444 0.000134991947908 6.973774920411438 0.344411635097838 17.001602255581421 0.849944996706840
2048 3.570960000000000 0.000195313000000 -2.152748760090073 0.000082620773805 0.732947033831261 0.000088139260573 5.852969965560771 0.302513795623250 6.660956305167915 0.332305418379448
2048 3.580960000000000 0.000232267000000 -2.135961277606437 0.000087594585546 0.719855816202953 0.000099356754820 5.967370984905804 0.297685917276782 7.677561614477360 0.383866610681879
2048 3.550960000000000 0.000195313000000 -2.184691584035976 0.000084657854643 0.755063419457814 0.000071897335654 5.570248049547760 0.297691659348533 4.017589973545299 0.200705679614260
2048 3.610960000000000 0.000164238000000 -2.079217002909774 0.000093328669022 0.663542611350549 0.000161216075940 7.466614570475349 0.419260032247558 22.279748337938273 1.112971670486726
2048 3.560960000000000 0.000195313000000 -2.169140683086836 0.000083552518826 0.744588315022457 0.000078191734509 6.323219283032321 0.303717385862177 5.537845602766295 0.276592961102189
2048 3.590960000000000 0.000164238000000 -2.117733004237326 0.000082766291860 0.704097954002585 0.000112780853742 6.504993680182788 0.305863001413718 12.078434217822766 0.603868585169409
2048 3.620960000000000 0.000195313000000 -2.058384591544720 0.000099977337668 0.636949561760792 0.000220287325287 8.058395011790926 0.444962520240735 39.122305177021701 1.952208715797376
2048 3.540960000000000 0.000195313000000 -2.199675632431923 0.000070616676798 0.764498159169327 0.000055836320590 5.127116205596370 0.248664826644760 3.205473517282939 0.160124708730095
2048 3.630960000000000 0.000138107000000 -2.034570884217211 0.000096220796262 0.594429990208889 0.000292676194236 9.978332622221121 0.469640369805544 92.319805750240334 4.614585554187186
2048 3.570960000000000 0.000232267000000 -2.152904408228501 0.000082969364603 0.733141473838898 0.000084037612880 6.048003660660292 0.296219377936926 6.204744920832749 0.310001476469371
2048 3.600960000000000 0.000195313000000 -2.099370450278041 0.000086134871131 0.686517044124847 0.000127793957161 7.449152920715259 0.380993050234744 16.397193055043662 0.819787072932395
2048 3.550960000000000 0.000232267000000 -2.184831797492203 0.000078812098468 0.755152989049111 0.000069141434544 5.678594633208392 0.290050620542252 4.370507372255848 0.218517486539948
2048 3.610960000000000 0.000195313000000 -2.079565701104419 0.000095972840891 0.664586817857940 0.000163651165115 8.131066638638199 0.427445379407911 23.642261820567334 1.181378589725155
2048 3.560960000000000 0.000232267000000 -2.169089212737303 0.000082508889540 0.744756184126201 0.000074186215353 6.086057756115541 0.299823045906417 4.920180290983035 0.245931015875843
2048 3.580960000000000 0.000276214000000 -2.136233873614568 0.000074907468898 0.720245064233323 0.000084731460576 6.322455073965508 0.303436990530791 8.089559844894437 0.404044744469703
2048 3.620960000000000 0.000232267000000 -2.058961210764743 0.000103597018836 0.638423922930377 0.000216958612023 9.100008009621451 0.476451379814040 39.911775313418843 1.992814955566863
2048 3.540960000000000 0.000232267000000 -2.199983860775192 0.000072869841276 0.764701156640324 0.000057580444858 4.968915624211322 0.239617541183164 3.102530122519229 0.154916288481345
2048 3.590960000000000 0.000195313000000 -2.118101911630334 0.000077789129955 0.704595305656983 0.000098696782099 6.664980114401642 0.308141272135454 10.729191978532480 0.536264722849197
2048 3.570960000000000 0.000276214000000 -2.153212894437062 0.000082924437022 0.733544778696355 0.000083834774247 6.033378682083697 0.308606929701290 6.166573600142882 0.307807475502694
2048 3.630960000000000 0.000164238000000 -2.034869110825750 0.000097066679448 0.595586878797070 0.000291816144953 9.599472556436313 0.473230135430499 86.761221337235028 4.337788798823036
2048 3.550960000000000 0.000276214000000 -2.185048135212083 0.000084807728329 0.755409567363400 0.000072206745826 5.547510926278383 0.294739204459062 4.021451649322710 0.200811541691288
2048 3.610960000000000 0.000232267000000 -2.079903874626642 0.000098720438331 0.665449164718030 0.000169549736868 7.505245545925349 0.421783859159069 22.138337073423948 1.106497768264117
2048 3.600960000000000 0.000232267000000 -2.099688584129038 0.000087305666288 0.687031946123015 0.000124051331632 7.138098200059296 0.336244282192152 14.411212341492948 0.720459545345763
2048 3.580960000000000 0.000328475000000 -2.136553171825961 0.000088549056798 0.720652348228864 0.000099998597742 6.162413467888745 0.317466143075282 7.859063086052152 0.391917366248137
2048 3.560960000000000 0.000276214000000 -2.169463987729618 0.000082971212588 0.745086777594781 0.000077535071575 6.024714861527798 0.313044223658969 5.261117573173453 0.262557342174482
2048 3.540960000000000 0.000276214000000 -2.200123063429824 0.000078733149653 0.764806253271500 0.000063188094733 5.448262699067560 0.264578311762783 3.509241932766187 0.175357508226557
2048 3.570960000000000 0.000328475000000 -2.153454347262455 0.000085996041437 0.733708203161085 0.000085420432129 6.419131581759980 0.322630248249411 6.333487033681461 0.316647654356798
2048 3.620960000000000 0.000276214000000 -2.059516818136840 0.000085070727956 0.639838056602026 0.000180563611324 8.475154638578472 0.391991305373196 38.181043819396344 1.907045794699237
2048 3.590960000000000 0.000232267000000 -2.118242587398057 0.000082825473086 0.705038019443461 0.000107909337286 6.554363013717414 0.310024540968913 11.125529548377777 0.555741370138130
2048 3.630960000000000 0.000195313000000 -2.035489087449423 0.000103681399986 0.598501664964451 0.000294571256140 9.561606587646637 0.509455792532104 77.180910676916369 3.857308886125683
2048 3.580960000000000 0.000390625000000 -2.136814474252767 0.000088907703915 0.721264660992521 0.000095485267850 6.953110971416610 0.339902695473915 8.019976821093630 0.400528370377210
2048 3.610960000000000 0.000276214000000 -2.080427590963081 0.000087973816853 0.666457764596650 0.000143696237567 7.407493998027729 0.350808460453655 19.763107492161993 0.987454401925962
2048 3.600960000000000 0.000276214000000 -2.100043893724355 0.000084838444834 0.687680636391495 0.000129677617770 6.631373488928139 0.334679854100420 15.493450124041695 0.774659781557432
2048 3.550960000000000 0.000328475000000 -2.185235541629093 0.000068163650401 0.755543689609681 0.000058492728434 5.312453754027856 0.256991569782730 3.911949514095424 0.195573997572121
2048 3.560960000000000 0.000328475000000 -2.169547311680404 0.000079787404448 0.745206341840088 0.000073797840687 6.283556183257443 0.312976744023222 5.375565242247490 0.268694797177168
2048 3.570960000000000 0.000390625000000 -2.153884641469244 0.000087233442313 0.734209040661792 0.000082314296518 6.381740666229705 0.319403196930625 5.682293640751008 0.284013157407270
2048 3.540960000000000 0.000328475000000 -2.200289934775058 0.000070963758482 0.764990608444501 0.000056510790459 4.760088129263228 0.255705166434695 3.018592852793969 0.150835507457838
2048 3.620960000000000 0.000328475000000 -2.059994842594187 0.000101137787967 0.641260977045516 0.000205073259205 8.436126287480560 0.471837956417320 34.684404167802107 1.733202981048393
2048 3.630960000000000 0.000232267000000 -2.036109229452101 0.000112078865885 0.601012179901550 0.000322214846044 10.360580923539580 0.587962869459347 85.630355120877852 4.274976964514910
2048 3.590960000000000 0.000276214000000 -2.118676792904463 0.000084319148780 0.705359458923341 0.000108002679267 6.585290706866176 0.342803173509479 10.804174330078276 0.539812753709902
2048 3.610960000000000 0.000328475000000 -2.080785789788115 0.000094418894949 0.667505517348745 0.000153144885683 7.911310176616741 0.424067955754631 20.813043004095874 1.040322044737456
2048 3.580960000000000 0.000464534000000 -2.137399615407858 0.000081054969131 0.721949211057102 0.000087504393041 6.463965208388958 0.292639639509478 7.533545823865404 0.376299181790860
2048 3.600960000000000 0.000328475000000 -2.100525711407726 0.000091312035733 0.688869280086446 0.000132312663069 7.235256473434577 0.361938074342223 15.191501518768863 0.759334680033811
2048 3.550960000000000 0.000390625000000 -2.185336023939626 0.000079821100496 0.755779905576964 0.000070451600258 5.561526168630359 0.293766637132861 4.332517117986098 0.216432031213065
2048 3.560960000000000 0.000390625000000 -2.169963249744526 0.000084255898260 0.745600034570127 0.000076478845238 6.321428510325939 0.315724836659828 5.208315071310897 0.260370070529877
2048 3.540960000000000 0.000390625000000 -2.200560679345880 0.000080225080239 0.765199183095015 0.000061813518472 5.488980658789020 0.263020183230859 3.258654446423621 0.162676909202158
2048 3.570960000000000 0.000464534000000 -2.154093140499268 0.000075560957623 0.734571072363084 0.000073750315481 5.814186029354339 0.308250246337891 5.538877770792071 0.276659964954977
2048 3.620960000000000 0.000390625000000 -2.060621378807788 0.000090558405256 0.643459765261862 0.000178163588784 8.292929109290132 0.421346699699397 32.098765160585984 1.604067918036345
2048 3.630960000000000 0.000276214000000 -2.036767655326595 0.000107874456982 0.603779900965430 0.000281299727460 10.592583658216238 0.592436195899470 72.028319163495183 3.600461934363016
2048 3.590960000000000 0.000328475000000 -2.118905952447700 0.000087338180999 0.705825240545971 0.000108267893248 7.065303292867667 0.347211181100461 10.857301461736515 0.542284590071309
2048 3.580960000000000 0.000552427000000 -2.137914358997418 0.000085191505029 0.722434386942121 0.000094532478012 6.111979748670718 0.309225877363557 7.525778116457260 0.376187163934518
2048 3.610960000000000 0.000390625000000 -2.081339712922928 0.000091153248219 0.668911865519993 0.000147873477565 7.595498071535757 0.382585392412888 19.989067387769737 0.998096477655472
2048 3.550960000000000 0.000464534000000 -2.185691628342408 0.000082341480866 0.756091950348069 0.000069819770814 5.790149380483166 0.279402914917735 4.163027305819356 0.207939023543237
2048 3.560960000000000 0.000464534000000 -2.170322249160447 0.000085157273600 0.746063902699356 0.000074934812325 6.013245924893502 0.294248697866162 4.656211684568347 0.232718288000417
2048 3.600960000000000 0.000390625000000 -2.100927750158062 0.000083428381415 0.689279639228563 0.000119582715697 6.469521115951212 0.322817054422740 13.291724243699523 0.663692913075966
2048 3.540960000000000 0.000464534000000 -2.200783192507414 0.000075541138964 0.765420373858826 0.000058942313598 5.569717302518820 0.284562461429163 3.390942713983915 0.169490211313034
2048 3.620960000000000 0.000464534000000 -2.061535714982580 0.000101384611154 0.645709449297762 0.000195137734388 8.679761367656877 0.485290065088619 32.154830338152806 1.606002603900898
2048 3.570960000000000 0.000552427000000 -2.154414110862588 0.000074691234882 0.735039527139695 0.000074321294393 6.264293405523658 0.278510874871737 6.202393859591438 0.309807594800826
2048 3.590960000000000 0.000390625000000 -2.119287086055179 0.000094193199902 0.706421425837656 0.000116251267667 7.026161575081949 0.338692187858259 10.702233588156638 0.534444938840326
2048 3.610960000000000 0.000464534000000 -2.082127905115939 0.000101950669611 0.670007138576323 0.000158809437613 7.449078588836305 0.405269834590468 18.074862684753583 0.901639192523305
2048 3.630960000000000 0.000328475000000 -2.037528804338407 0.000092209740141 0.607243648171425 0.000236198755149 9.419126800952599 0.436129291183973 61.803384108364568 3.085940356525409
2048 3.560960000000000 0.000552427000000 -2.170595022224791 0.000083611561673 0.746317498635926 0.000078138686107 6.126302187642354 0.296874254092472 5.350544168945270 0.267402867808674
2048 3.580960000000000 0.000656950000000 -2.138442505450571 0.000071229861812 0.723210317044219 0.000076684647797 5.746601903827326 0.243288047103457 6.660452927956901 0.332940582048309
2048 3.550960000000000 0.000552427000000 -2.186264229265229 0.000076846398413 0.756574978913076 0.000062512388311 5.887129744611130 0.294952071157495 3.895729143481104 0.194521908104824
2048 3.600960000000000 0.000464534000000 -2.101428695168690 0.000081482105174 0.690309675116290 0.000114716261041 6.457323803800861 0.310587103844926 12.799059263888457 0.639874295170116
2048 3.540960000000000 0.000552427000000 -2.201147178279418 0.000074975345190 0.765722325775359 0.000058352053390 4.787455189985404 0.240227710098214 2.899880227717616 0.144834250414730
2048 3.570960000000000 0.000656950000000 -2.154964894859660 0.000083417187357 0.735701963866966 0.000081302087933 5.631255411185983 0.281356416710473 5.349307195304233 0.267184609537371
2048 3.620960000000000 0.000552427000000 -2.062606240328378 0.000095620514835 0.648206009618773 0.000171855232363 8.610510055793366 0.407531562168197 27.813282158646722 1.389117904611127
2048 3.610960000000000 0.000552427000000 -2.082736447692384 0.000093220540145 0.671645849608302 0.000146342746299 7.176787013109887 0.380209073916477 17.686798554229416 0.883442930530150
2048 3.590960000000000 0.000464534000000 -2.119803352128879 0.000085595015893 0.707439164937652 0.000102798599307 6.880220226827469 0.353504384337086 9.923840607294359 0.495688015228383
2048 3.630960000000000 0.000390625000000 -2.038480194769702 0.000106909443615 0.610586879634055 0.000253301795552 9.413694683054041 0.577980695356813 52.845073531803138 2.639150344601244
2048 3.580960000000000 0.000781250000000 -2.139184857459532 0.000087167900255 0.724172715175168 0.000091901818609 6.407757983091694 0.329572832486119 7.122642426078435 0.355749863955539
2048 3.560960000000000 0.000656950000000 -2.171021544805281 0.000074693680551 0.746810297987778 0.000064984092908 5.750009764704282 0.277542295338856 4.352261531133883 0.217158628668665
2048 3.550960000000000 0.000656950000000 -2.186648723303898 0.000072336420585 0.756929100536909 0.000064182533958 5.272021651861206 0.265822020980272 4.150466129574788 0.207087312795307
2048 3.600960000000000 0.000552427000000 -2.102085591187850 0.000086786551935 0.691480844616889 0.000123418553969 7.009600305470118 0.327692802561475 14.175856038956688 0.708145715606411
2048 3.540960000000000 0.000656950000000 -2.201610779845300 0.000077794255367 0.766024567099180 0.000060448671823 5.476805257334202 0.259704086473655 3.306783548691184 0.165331148004527
2048 3.570960000000000 0.000781250000000 -2.155702299284185 0.000078313812574 0.736451064125966 0.000074025506416 5.942998250505455 0.291913076874010 5.309964797426806 0.265325038743768
2048 3.620960000000000 0.000656950000000 -2.063497658174759 0.000087387667978 0.650766316891769 0.000152501155807 8.005437226642153 0.376431339161338 24.379849871995741 1.216266248848297
2048 3.610960000000000 0.000656950000000 -2.083622135134765 0.000087936468679 0.673619720234591 0.000130342837918 7.625756964205014 0.380449293354413 16.754028979809959 0.837278749660086
2048 3.580960000000000 0.000929068000000 -2.139765223211335 0.000082865909806 0.724988070460580 0.000085853005746 5.871311208495976 0.311790488967269 6.302230802155255 0.314567300281298
2048 3.590960000000000 0.000552427000000 -2.120505032099732 0.000085177057907 0.708253656456731 0.000103129360664 6.745399482599526 0.357720028538620 9.888423445581656 0.493206674301041
2048 3.630960000000000 0.000464534000000 -2.039592797988941 0.000099134358457 0.614488616356484 0.000221566016957 9.581406976097133 0.524458937969758 47.861597232116978 2.391124131766830
2048 3.560960000000000 0.000781250000000 -2.171638685800080 0.000075144158982 0.747344599126764 0.000064486036580 5.506981308334310 0.253077416296446 4.055594418387725 0.202559093461730
2048 3.600960000000000 0.000656950000000 -2.102784175310171 0.000091356241348 0.692736230694685 0.000121976142120 6.785369094977307 0.357969875385068 12.096140333447813 0.603723366280379
2048 3.550960000000000 0.000781250000000 -2.187084435005200 0.000071709911440 0.757281148937388 0.000062170740843 5.168946734374327 0.247616818892828 3.885221377119898 0.194073376956183
2048 3.570960000000000 0.000929068000000 -2.156452936414404 0.000078405524962 0.737204549865136 0.000073953930961 5.632002718424015 0.281879744534409 5.010626706474504 0.250488427648692
2048 3.540960000000000 0.000781250000000 -2.202135307326254 0.000073585134418 0.766527895711201 0.000057983541892 5.368395663220824 0.257909642155335 3.333295551341411 0.166331085104882
2048 3.620960000000000 0.000781250000000 -2.064608808375451 0.000093188402741 0.653366582125228 0.000156108602517 7.584575154983574 0.392044238970552 21.284389365542225 1.062990278991777
2048 3.580960000000000 0.001104850000000 -2.140684466253094 0.000083265999353 0.726080307547690 0.000081868137456 6.464112408413913 0.327703962287955 6.248896371346298 0.312295369212335
2048 3.610960000000000 0.000781250000000 -2.084577818911568 0.000089876830383 0.675674496923835 0.000129571456354 7.722049094118404 0.397034926232742 16.049286970275666 0.801532983023799
2048 3.590960000000000 0.000656950000000 -2.120994678434942 0.000087791393440 0.709014881179628 0.000102366143616 6.769725547538147 0.342133935107643 9.204068941169973 0.459184691476989
2048 3.560960000000000 0.000929068000000 -2.172387009739256 0.000075884649015 0.748113447283711 0.000067947292473 5.887357304160604 0.278982795658897 4.720161369601100 0.235929838815617
2048 3.630960000000000 0.000552427000000 -2.040631375095246 0.000090528753680 0.617967122331613 0.000205769796894 8.425613426998932 0.404490475467609 43.530304435816362 2.175667035533976
2048 3.550960000000000 0.000929068000000 -2.187724547079216 0.000077240834761 0.757886254242833 0.000061500063620 5.546037146648434 0.281775973599884 3.515928112940459 0.175792452309771
2048 3.600960000000000 0.000781250000000 -2.103537866757059 0.000082678712438 0.694169998725350 0.000107130958414 6.815579398600160 0.350595239935225 11.443143720717753 0.571805233770702
2048 3.540960000000000 0.000929068000000 -2.202638656678002 0.000078360872157 0.766878846377260 0.000061035702911 5.076832424497969 0.265606064791405 3.080081493286510 0.153796155348306
2048 3.570960000000000 0.001104850000000 -2.157306118597929 0.000081805650323 0.738222086192756 0.000078060412124 5.926698954780060 0.322956079905951 5.396447354954533 0.269681496581664
2048 3.620960000000000 0.000929068000000 -2.066202058215631 0.000092021103443 0.656831492683202 0.000147753756476 7.533074642131695 0.381425221863696 19.421128405313492 0.970700306209100
2048 3.580960000000000 0.001313900000000 -2.141937052277738 0.000084395501865 0.727584776556968 0.000081882424732 6.056694321956547 0.302314768510422 5.701359741386714 0.284620111097315
2048 3.590960000000000 0.000781250000000 -2.121693303479776 0.000088439001616 0.710126197658468 0.000102080473631 6.449732466244776 0.347592245808529 8.592892743798851 0.429569290997242
2048 3.610960000000000 0.000929068000000 -2.085826474208236 0.000083878709516 0.677851816827954 0.000118474178105 7.011775380648728 0.346859068421589 13.988525018670275 0.699250702584852
2048 3.550960000000000 0.001104850000000 -2.188486322665903 0.000083760504287 0.758534002748335 0.000067352945926 5.328483976250682 0.276653606874145 3.445389209091136 0.172220617026985
2048 3.630960000000000 0.000656950000000 -2.042230156348009 0.000099138597324 0.622554080445463 0.000215460358604 8.605838377507796 0.449907654705838 40.648301417243054 2.032066032507615
2048 3.560960000000000 0.001104850000000 -2.173073356591106 0.000071630262063 0.748738707657463 0.000060378251789 5.354508487266668 0.276228977251192 3.804412496323151 0.190220404361138
2048 3.570960000000000 0.001313900000000 -2.158239838865380 0.000081988521643 0.739141523133126 0.000078594803885 6.000599239376985 0.300463015586536 5.514119587220272 0.275327390904085
2048 3.540960000000000 0.001104850000000 -2.203328213150410 0.000074029709258 0.767508330640642 0.000056865026583 5.336085612457719 0.262222302027688 3.148481851780264 0.157244331017116
2048 3.600960000000000 0.000929068000000 -2.104682037055903 0.000078983834630 0.695874458626855 0.000097213778796 6.881260766961342 0.333136138963413 10.424308037319403 0.520273393812684
2048 3.580960000000000 0.001562500000000 -2.142990694377319 0.000081500129869 0.728764286015760 0.000083474841749 5.811625733068777 0.289781511954994 6.096663782795851 0.304179154795415
2048 3.620960000000000 0.001104850000000 -2.067738029021242 0.000087804466888 0.660270916958156 0.000136858792796 7.903376454637649 0.398368888522599 19.201044658956302 0.959802706810623
2048 3.610960000000000 0.001104850000000 -2.087163586291831 0.000087572658668 0.680379465526464 0.000119275359133 6.974869058330753 0.343239757994762 12.938992311693713 0.646059231472044
2048 3.590960000000000 0.000929068000000 -2.122736389446986 0.000084579968073 0.711507724679035 0.000095925200752 6.910188276165749 0.338980256120744 8.888332246095796 0.443859152348583
2048 3.550960000000000 0.001313900000000 -2.189230129890031 0.000073600618133 0.759247278662429 0.000060262205229 5.131583691222747 0.247982504798641 3.440159137914904 0.171934548024786
2048 3.630960000000000 0.000781250000000 -2.043659740393475 0.000101479721870 0.626798034200864 0.000196471225246 8.731584001482643 0.498125840188068 32.728975198037752 1.633723873279720
2048 3.560960000000000 0.001313900000000 -2.174021670500206 0.000079933172932 0.749717770601609 0.000068885237105 5.418504156246929 0.284061270388850 4.024182062840755 0.200952199392934
2048 3.570960000000000 0.001562500000000 -2.159100750998733 0.000082643472670 0.740119206384139 0.000076127013540 5.679698634680637 0.310185686980185 4.819319980081051 0.240508278560659
2048 3.540960000000000 0.001313900000000 -2.204063308178537 0.000075510848630 0.768035186788452 0.000058516129487 4.930380603007252 0.255145312461664 2.960826290671125 0.147992668876781
2048 3.600960000000000 0.001104850000000 -2.105934247897916 0.000088489519637 0.697805751168933 0.000111440332972 6.931685896534570 0.356504670515154 10.993601786856551 0.548815914966021
2048 3.580960000000000 0.001858140000000 -2.144679772993743 0.000082678709776 0.730564689753388 0.000077583988548 6.509361062747326 0.327237568020714 5.731854870959147 0.286557675392945
2048 3.620960000000000 0.001313900000000 -2.069444313300528 0.000098837726548 0.663535814641219 0.000141336361425 8.780988191139745 0.452547358387449 17.955839377623207 0.896660448647393
2048 3.610960000000000 0.001313900000000 -2.088651887265443 0.000098834917913 0.682985357569355 0.000131938798780 7.511315916453181 0.388713328302843 13.385674745689533 0.669185134586221
2048 3.550960000000000 0.001562500000000 -2.190294403827413 0.000083905234869 0.760153473141683 0.000067164367583 5.513225645424453 0.300505066993179 3.532689865420052 0.176549023372368
2048 3.630960000000000 0.000929068000000 -2.045173334369382 0.000095392364394 0.631001363304020 0.000172164846655 8.850702809906830 0.444980865304993 28.829658080719359 1.440858588627896
2048 3.590960000000000 0.001104850000000 -2.123786595074066 0.000081713099290 0.713070466951099 0.000091404829701 6.395088452954117 0.296091222526946 8.002053988556945 0.400075310769869
2048 3.570960000000000 0.001858140000000 -2.160801088587894 0.000084087255818 0.741732506027953 0.000076293913423 6.062589155516203 0.311892112765376 4.990885007439767 0.249409698869230
2048 3.560960000000000 0.001562500000000 -2.175160860056587 0.000076852333320 0.750844377841590 0.000062881111890 5.523666215260090 0.265657297462005 3.697887858501486 0.184767331144758
2048 3.540960000000000 0.001562500000000 -2.205014921922898 0.000075583991501 0.768847945505980 0.000058315360200 5.109112678914366 0.254075280080603 3.041247468262917 0.152014376263587
2048 3.580960000000000 0.002209710000000 -2.146307111536163 0.000082047451047 0.732332990221355 0.000079012770696 5.795327196858358 0.293232602397293 5.374553077950964 0.268493389605356
2048 3.600960000000000 0.001313900000000 -2.107133978323470 0.000088385148183 0.699696366287353 0.000107603406904 6.851650037937079 0.331736981406370 10.155203430851627 0.507420902011621
2048 3.620960000000000 0.001562500000000 -2.071323597405156 0.000088385831064 0.667262890977354 0.000127013862070 6.985842295719910 0.365341584488620 14.426325304263393 0.720207804100069
2048 3.610960000000000 0.001562500000000 -2.090337685804538 0.000085212186955 0.685760474786527 0.000107925327906 6.907558185045822 0.354815215202605 11.080717490671951 0.553773892893779
2048 3.550960000000000 0.001858140000000 -2.191521407188834 0.000071340047894 0.761139337525983 0.000057350116617 5.019580147893400 0.240813403025642 3.243913092859096 0.162020423134398
2048 3.570960000000000 0.002209710000000 -2.162339836623436 0.000082130888827 0.743190368127094 0.000069339215083 5.688691848042025 0.288832257650262 4.054685795853614 0.202409905774671
2048 3.630960000000000 0.001104850000000 -2.047144336977408 0.000098416088126 0.635896360981022 0.000174966843044 8.727005302514030 0.441778850641500 27.583194028715607 1.378994270557165
2048 3.560960000000000 0.001858140000000 -2.176353023850917 0.000086606513602 0.751888340961626 0.000068170246699 6.520040350427849 0.316374023262447 4.039605012718020 0.201779554559690
2048 3.590960000000000 0.001313900000000 -2.124930518176928 0.000079266862507 0.714575731571768 0.000086765043643 6.223411620490509 0.295882832114967 7.456495644072218 0.372375124089855
2048 3.540960000000000 0.001858140000000 -2.206117238344096 0.000077271314836 0.769656017560469 0.000056429569987 5.346841173069168 0.272324103316697 2.851505153962071 0.142547211105505
2048 3.600960000000000 0.001562500000000 -2.108646863981752 0.000090331443427 0.702028033446197 0.000102437358925 6.776556087857928 0.379359702855193 8.714608530068412 0.435391239303186
2048 3.580960000000000 0.002627800000000 -2.148295232638349 0.000076477369503 0.734426614714832 0.000070264002818 5.891484904452232 0.304579666304917 4.973071007245113 0.248519635782912
2048 3.550960000000000 0.002209710000000 -2.192896158264618 0.000083494725345 0.762311160114916 0.000062519590673 5.451175881808674 0.278606360769940 3.056359004367704 0.152734177314707
2048 3.620960000000000 0.001858140000000 -2.073751931296896 0.000084597559400 0.671576569720013 0.000112878598977 7.129355920292280 0.337988203458882 12.692812054654571 0.634018000926777
2048 3.610960000000000 0.001858140000000 -2.092521719227332 0.000087621589396 0.689078873902364 0.000111850308761 6.813226689603928 0.347677029391442 11.102095535015303 0.554786402055972
2048 3.630960000000000 0.001313900000000 -2.049039990415301 0.000100174448315 0.640753492029055 0.000167080195104 8.322940749878606 0.482452572884099 23.153296412688963 1.156462538579809
2048 3.570960000000000 0.002627800000000 -2.164103570652494 0.000078732406425 0.744935003718975 0.000066712089589 5.853801872574985 0.277284789661937 4.202812894024829 0.209688524963440
2048 3.590960000000000 0.001562500000000 -2.126228020359422 0.000081423103087 0.716131755702327 0.000083254617117 6.295571807760053 0.297180363714455 6.581979698283278 0.328789781842873
2048 3.560960000000000 0.002209710000000 -2.177717247418125 0.000072141683221 0.753026450279703 0.000058900355938 5.480281542149713 0.245952436798205 3.653138742739618 0.182496639600567
2048 3.540960000000000 0.002209710000000 -2.207333143695140 0.000078346341986 0.770578463310230 0.000056476153273 5.133115456244167 0.266967915509883 2.667311892017946 0.133132162565105
2048 3.580960000000000 0.003125000000000 -2.150585448876010 0.000079445054627 0.736734928740293 0.000070558825230 5.825328060399311 0.319698038554128 4.595040409495923 0.229348889495179
2048 3.620960000000000 0.002209710000000 -2.076136876454620 0.000098415188404 0.675680123783804 0.000127918822100 6.978318999657196 0.400722422533410 11.789502134126121 0.589260770634745
2048 3.550960000000000 0.002627800000000 -2.194365548472890 0.000075953085329 0.763460847996275 0.000055240625267 5.130975502143132 0.261842052691856 2.714102668365630 0.135703015915659
2048 3.600960000000000 0.001858140000000 -2.110487141001426 0.000078762009011 0.704454359868451 0.000087979683906 6.647571319005579 0.308805419505724 8.294576737331992 0.414693069608179
2048 3.630960000000000 0.001562500000000 -2.051444274305319 0.000086619036069 0.645841822456627 0.000132404985067 8.129577418590596 0.407972675183263 18.995465978678304 0.948137455142444
2048 3.570960000000000 0.003125000000000 -2.166377471351452 0.000074368008845 0.746936392975729 0.000060551971661 5.651535749442769 0.262526848766274 3.746715782111000 0.186961717346776
2048 3.610960000000000 0.002209710000000 -2.094901102602212 0.000080546395329 0.692599648261961 0.000095198349880 7.256976768216310 0.357339666154644 10.137301313895399 0.506601713160111
2048 3.590960000000000 0.001858140000000 -2.127977678435557 0.000082890420536 0.718193730870308 0.000085162364695 6.636873387517512 0.327813046735207 7.005679588185825 0.349985669099594
2048 3.560960000000000 0.002627800000000 -2.179597286773316 0.000082268701745 0.754642762364568 0.000064019613121 5.891237557187106 0.279233645665441 3.567494714378751 0.178299098968105
2048 3.580960000000000 0.003716270000000 -2.153378678244745 0.000086267802336 0.739302552429734 0.000072849749096 5.465443948272390 0.323722073025736 3.897481803435821 0.194593584742133
2048 3.540960000000000 0.002627800000000 -2.208883478114576 0.000071860796412 0.771730658228636 0.000051991505654 5.064694717178668 0.240476779796317 2.651148225569603 0.132441136369710
2048 3.620960000000000 0.002627800000000 -2.079044765927234 0.000094105217358 0.680293043981496 0.000114775999838 7.724289773785571 0.382045989845841 11.490351726328750 0.574115311944750
2048 3.550960000000000 0.003125000000000 -2.196361219683221 0.000074752724520 0.764898169775752 0.000054331095771 4.917274459588524 0.244529892082085 2.597570392244902 0.129726727076182
2048 3.600960000000000 0.002209710000000 -2.112582845940294 0.000082651257624 0.707277291375887 0.000088124430766 6.317729718619351 0.324267892681906 7.182154764302644 0.358901366682417
2048 3.630960000000000 0.001858140000000 -2.054147997605322 0.000090553645430 0.651439857835687 0.000131974544547 7.672472417101454 0.387014296392755 16.296855045911499 0.814691251244987
2048 3.560960000000000 0.003125000000000 -2.181554611210617 0.000079886009079 0.756319797359397 0.000064062074726 5.306876256561816 0.260688472483577 3.412710979996325 0.170621550025342
2048 3.610960000000000 0.002627800000000 -2.097431207938501 0.000086680056590 0.696281204000116 0.000095981632472 6.693772736246089 0.320230200541700 8.207461522420710 0.409629258190747
2048 3.570960000000000 0.003716270000000 -2.168598686490495 0.000072072787524 0.749066043094373 0.000059626608459 5.234857278744331 0.249363506196212 3.582963813884958 0.179140892090977
2048 3.590960000000000 0.002209710000000 -2.129763776496648 0.000083531756478 0.720466182617370 0.000083382489423 6.797021053598487 0.318290470535679 6.772750887050778 0.338306529705599
2048 3.540960000000000 0.003125000000000 -2.210843701152266 0.000076825305259 0.773073826705555 0.000055140855230 5.054588095580795 0.239579177365506 2.603899249646877 0.130191869878631
2048 3.580960000000000 0.004419420000000 -2.156324593264714 0.000075954526867 0.742163166872815 0.000060040340367 5.574702668228818 0.274662988404300 3.483378559840410 0.174027706035697
2048 3.620960000000000 0.003125000000000 -2.082484043880108 0.000089466127727 0.685342843405117 0.000107764689572 7.102025514273899 0.371069407468237 10.304286170515031 0.514795254459541
2048 3.550960000000000 0.003716270000000 -2.198472316675693 0.000077702772574 0.766599939613745 0.000055011064653 5.384360220164345 0.265562598367570 2.698740809016343 0.134909681469674
2048 3.600960000000000 0.002627800000000 -2.114835924218650 0.000079327310062 0.710179611787958 0.000084166089809 6.479467684291333 0.308852023718468 7.294040573690312 0.364439021510818
2048 3.560960000000000 0.003716270000000 -2.183867961479606 0.000078753352590 0.758177169120115 0.000059588256383 5.281645019237745 0.272875033600835 3.023795817399240 0.151159779669568
2048 3.590960000000000 0.002627800000000 -2.131906669074519 0.000087274097469 0.722938700080415 0.000084609208060 6.387700041100849 0.329264021954791 6.003562573291935 0.300136481453776
2048 3.630960000000000 0.002209710000000 -2.056854650886440 0.000088399490802 0.656724774622703 0.000121219964502 8.006848047966590 0.379835577348186 15.056026304276589 0.752748619553881
2048 3.570960000000000 0.004419420000000 -2.171740568492849 0.000076461773289 0.751556471868919 0.000060384565019 5.466089251084170 0.258518661647044 3.409101024995637 0.170398830185996
2048 3.540960000000000 0.003716270000000 -2.212819622195120 0.000075854718121 0.774483592369976 0.000051087946619 4.627792263618743 0.237691575951623 2.099160051661257 0.104768893478549
2048 3.580960000000000 0.005255600000000 -2.159684411907735 0.000081989121036 0.745051528100915 0.000065824657512 5.566629408962123 0.281509021410382 3.588038255213134 0.179367781613913
2048 3.610960000000000 0.003125000000000 -2.100177981407890 0.000085020641852 0.700012160736380 0.000095367281777 6.910123682961386 0.350472362852542 8.694325006635196 0.434563084179018
2048 3.620960000000000 0.003716270000000 -2.086062017499438 0.000090107354019 0.690212785333826 0.000101530860399 6.480012939430782 0.325996423488361 8.227190098445195 0.411093725018039
2048 3.550960000000000 0.004419420000000 -2.201034074635900 0.000074839969354 0.768399670010520 0.000052473568793 5.411711423943923 0.262618867500168 2.660410371902883 0.132901441620510
2048 3.560960000000000 0.004419420000000 -2.186484821686561 0.000076377674508 0.760210063833240 0.000057861980170 4.919700830745344 0.257195468987641 2.823530060986002 0.141034416471200
2048 3.600960000000000 0.003125000000000 -2.117539550686606 0.000086659859890 0.713433957632693 0.000084293098722 6.254370638851225 0.307552773773125 5.917410362574937 0.295623050850725
2048 3.590960000000000 0.003125000000000 -2.134352636576410 0.000079836940244 0.725681495666504 0.000077005773353 6.209021393065040 0.299336327196992 5.776462538887505 0.288532242401899
2048 3.610960000000000 0.003716270000000 -2.103762252585306 0.000090968783203 0.704273000493780 0.000089760269338 6.392101221197421 0.329656643719899 6.223392131840953 0.311005788163034
2048 3.540960000000000 0.004419420000000 -2.214964742820716 0.000071653223029 0.775992201382093 0.000048736322203 4.628017588890693 0.218003017449423 2.141061027055073 0.106976956326057
2048 3.580960000000000 0.006250000000000 -2.163880399546832 0.000073674024555 0.748397102259627 0.000059200407835 5.028815557190258 0.248845157500413 3.247030106641571 0.162253609501166
2048 3.630960000000000 0.002627800000000 -2.060081561805934 0.000084872500088 0.662624906879398 0.000112240382358 7.097762478835406 0.338421888488295 12.413256976804650 0.620431192415400
2048 3.570960000000000 0.005255600000000 -2.174816040298700 0.000068889851613 0.754086967207428 0.000053282450847 5.211911451338648 0.249188978380388 3.117847835744937 0.155879744181502
2048 3.620960000000000 0.004419420000000 -2.090063441073725 0.000092350961412 0.695477549820378 0.000097200150742 6.964791764570927 0.334305810638015 7.715412871184133 0.385716386579827
2048 3.550960000000000 0.005255600000000 -2.203949522315230 0.000072683144570 0.770482640448815 0.000051930897249 4.561407981743361 0.232848742601764 2.328537057790701 0.116266707280829
2048 3.600960000000000 0.003716270000000 -2.120732464236650 0.000082278452030 0.717000267440538 0.000077895732056 6.055849202332799 0.290836573849521 5.427878950458918 0.271067820589022
2048 3.560960000000000 0.005255600000000 -2.189833662310909 0.000076943418276 0.762677748895461 0.000054852199276 5.397302041912892 0.268609633704571 2.742975068448379 0.137127943100138
2048 3.580960000000000 0.007432540000000 -2.168464230581124 0.000082429754610 0.751947903988967 0.000061824701519 5.324202517327075 0.271082911284711 2.995095048342355 0.149537360319143
2048 3.590960000000000 0.003716270000000 -2.137123366584088 0.000074004821380 0.728621613558600 0.000067832642509 5.430965660805146 0.268331801501767 4.562832215055359 0.227892653666368
2048 3.610960000000000 0.004419420000000 -2.107485088924432 0.000086990808481 0.708678623656152 0.000086679055076 6.232039487647538 0.313946716215809 6.187451370703376 0.309032668231503
2048 3.540960000000000 0.005255600000000 -2.217923726259206 0.000075039456100 0.777868637174331 0.000048737176983 5.402605516719816 0.270007374604338 2.279001664057879 0.113823477046994
2048 3.570960000000000 0.006250000000000 -2.178652187609176 0.000074275119320 0.756989600462896 0.000052512958468 5.287517212967408 0.251025368447183 2.643005398934196 0.132134372515030
2048 3.630960000000000 0.003125000000000 -2.063763620629266 0.000080604307367 0.668616400476089 0.000099007573467 6.837121818146448 0.343189760110877 10.315579974597654 0.515128316370596
2048 3.620960000000000 0.005255600000000 -2.094767670385145 0.000081514500077 0.701056367844731 0.000080697433409 6.480641650070298 0.311050220043847 6.351374384071518 0.317297203622823
2048 3.600960000000000 0.004419420000000 -2.124132041746148 0.000085671185738 0.720609791158772 0.000078309998340 5.932949251205385 0.307409421548793 4.957189343179946 0.247821778265847
2048 3.560960000000000 0.006250000000000 -2.193281258486928 0.000077091320364 0.765122223035090 0.000055069420183 4.949065380052501 0.279652470603249 2.525417763251022 0.126050436559124
2048 3.550960000000000 0.006250000000000 -2.207397421763028 0.000062932320633 0.772744893799121 0.000043909088596 4.874491716826357 0.219246632782933 2.372961482145806 0.118630518320710
2048 3.590960000000000 0.004419420000000 -2.140504137426633 0.000075064437804 0.731839822990713 0.000067536417987 4.922881790960675 0.236699137032340 3.984987655069078 0.199217698180201
2048 3.580960000000000 0.008838830000000 -2.173666805889514 0.000075626647287 0.755705243954607 0.000054872389232 5.466385912126009 0.296862412834290 2.877784932947613 0.143595907215434
2048 3.610960000000000 0.005255600000000 -2.111760840721109 0.000084447465979 0.713413622543103 0.000078308350081 6.502496515539920 0.324414327411726 5.591431787815421 0.279352167433481
2048 3.540960000000000 0.006250000000000 -2.221251284005563 0.000072733380039 0.779997071016183 0.000046527188069 5.157108395792806 0.260238478248006 2.110339516907978 0.105277384499620
2048 3.630960000000000 0.003716270000000 -2.067853000717453 0.000085762596338 0.674862153584897 0.000103873042554 7.018015574897226 0.345151931992889 10.294948842452886 0.514682568151606
2048 3.570960000000000 0.007432540000000 -2.183137071225401 0.000067319643682 0.760178210528473 0.000050541953097 4.657647201969295 0.227501999744780 2.625348809755160 0.131244787360011
2048 3.620960000000000 0.006250000000000 -2.099925794481002 0.000089062672029 0.706736592064917 0.000084206685327 6.220370987587006 0.320942008256050 5.560553078136169 0.277555501346444
2048 3.600960000000000 0.005255600000000 -2.127995543188406 0.000072883412837 0.724689840487890 0.000063743774990 5.648976738025805 0.263761900426471 4.321036588555864 0.215847945836551
2048 3.590960000000000 0.005255600000000 -2.144198815799528 0.000088800938313 0.735250571484411 0.000073077905389 6.235526299895969 0.336099359950559 4.222894069647457 0.210751497297508
2048 3.560960000000000 0.007432540000000 -2.197314165546733 0.000072896931458 0.767969867671799 0.000048812070085 4.838277770303080 0.245929926331832 2.169335661070797 0.108396351021514
2048 3.550960000000000 0.007432540000000 -2.211343371501446 0.000074827949725 0.775277795670907 0.000047131990616 4.695698074073436 0.235383682658760 1.862962179360211 0.093018205957122
2048 3.580960000000000 0.010511200000000 -2.179613874871092 0.000079081036667 0.759829643627871 0.000052404224917 5.383844173030527 0.278504090982849 2.364179121605562 0.118133114966115
2048 3.610960000000000 0.006250000000000 -2.116493737392893 0.000080936228883 0.718368724100013 0.000072285088837 6.094746875393060 0.306353281704205 4.861465200010262 0.242620261218148
2048 3.540960000000000 0.007432540000000 -2.225124892007385 0.000070851781646 0.782304447803771 0.000045401740263 4.965087543775914 0.248099600853991 2.038779973190808 0.101923406366128
2048 3.630960000000000 0.004419420000000 -2.072063551467472 0.000093888828023 0.680865110763131 0.000096304889313 7.423245168223133 0.393732526933352 7.810208739326328 0.390003393971924
2048 3.620960000000000 0.007432540000000 -2.105755715409038 0.000090087019596 0.712691281662614 0.000080168928870 6.871918379064740 0.340579468703115 5.442089958020198 0.272095401781997
2048 3.570960000000000 0.008838830000000 -2.188073870881209 0.000075925377824 0.763657753329388 0.000052520522309 5.484459850194607 0.271547574195118 2.624327376082856 0.131136438094612
2048 3.600960000000000 0.006250000000000 -2.132733114668068 0.000081393725999 0.729082548618317 0.000068640857544 5.548203186986368 0.285320936168553 3.945807545821558 0.197132027253516
2048 3.550960000000000 0.008838830000000 -2.215831696497141 0.000081247225686 0.778013232282100 0.000051218220317 5.099281099130955 0.266836503279566 2.026473088044765 0.101160482130944
2048 3.590960000000000 0.006250000000000 -2.148537220689323 0.000075672983296 0.739107518679509 0.000061172024098 5.337451477472928 0.278610077005649 3.487851053043237 0.174298866750938
2048 3.560960000000000 0.008838830000000 -2.202122113055319 0.000071091355475 0.771057917193662 0.000046022816475 4.988505066605787 0.236516147642408 2.090659054021480 0.104520946786211
2048 3.580960000000000 0.012500000000000 -2.186403969417395 0.000074088009373 0.764199057450661 0.000048984715479 5.342657215517760 0.267996592676131 2.335514877843562 0.116638276237456
2048 3.610960000000000 0.007432540000000 -2.121985447137269 0.000078398786499 0.723537915799339 0.000065250426931 6.125523295126167 0.296182758523728 4.243177798457950 0.212090337028597
2048 3.630960000000000 0.005255600000000 -2.077235863619038 0.000088518261868 0.687548048662131 0.000094156993303 6.625448404333524 0.343259196856124 7.496433360805096 0.374811266407700
2048 3.620960000000000 0.008838830000000 -2.112450617953416 0.000087701827375 0.719004098683188 0.000071582960153 6.495027446997626 0.343427454917615 4.326961321162536 0.216304117036594
2048 3.570960000000000 0.010511200000000 -2.193915955550712 0.000074706390125 0.767410620427859 0.000047407149994 4.726347904724548 0.243068721224770 1.903258940414414 0.095090083099518
2048 3.540960000000000 0.008838830000000 -2.229478312639375 0.000074351676350 0.784778269414368 0.000043742713248 5.153415335247939 0.262212588699277 1.783713303976391 0.089056711066956
2048 3.600960000000000 0.007432540000000 -2.137924031318198 0.000077398043214 0.733705824290369 0.000063327824949 5.526201938800622 0.281971239904872 3.699609901562426 0.184971604954145
2048 3.550960000000000 0.010511200000000 -2.221196287830455 0.000075693477268 0.781172792703512 0.000046633151922 5.035052152523981 0.250835571199651 1.911070024415941 0.095530542676558
2048 3.590960000000000 0.007432540000000 -2.153353547932733 0.000078823735194 0.743106349210561 0.000059840169533 5.834711773922853 0.282474368190230 3.362722396188512 0.167922295903214
2048 3.560960000000000 0.010511200000000 -2.207583598739908 0.000070269338086 0.774397028443958 0.000045896855372 4.949417558370130 0.245894593184635 2.111486120594189 0.105552740946492
2048 3.580960000000000 0.014865100000000 -2.194168189960496 0.000076744434402 0.768855364506061 0.000046826035687 5.373925876815639 0.279324055156650 2.000657174883818 0.099955293513841
2048 3.610960000000000 0.008838830000000 -2.128176562236104 0.000077464322243 0.729086844805156 0.000063295267985 5.868846753573659 0.297244145219610 3.918246951912902 0.195697387007365
2048 3.620960000000000 0.010511200000000 -2.119535768473798 0.000080089636609 0.725128906201094 0.000062495727673 5.787970131288405 0.279811631095097 3.524311551215813 0.175778063355902
2048 3.570960000000000 0.012500000000000 -2.200392473634542 0.000075091592074 0.771322730328121 0.000046804053848 5.046758404489027 0.249535923684241 1.960635361190873 0.098014845649276
2048 3.630960000000000 0.006250000000000 -2.082828621790283 0.000088841034219 0.694175855269341 0.000088682685445 7.330299174250529 0.351772940648776 7.304191656336537 0.364589647390615
2048 3.540960000000000 0.010511200000000 -2.234540100469514 0.000066993653808 0.787494273822659 0.000038330351342 4.412495805265623 0.221054738052429 1.444450209833096 0.072117170583166
2048 3.600960000000000 0.008838830000000 -2.143670044759930 0.000074627336618 0.738461525012285 0.000060056147729 5.053298462908604 0.249302256182921 3.272608148453329 0.163509934060614
2048 3.550960000000000 0.012500000000000 -2.227265387547634 0.000067466985437 0.784450835878518 0.000040780371403 4.392571018056892 0.215633560037104 1.604865106044419 0.080171375828410
2048 3.590960000000000 0.008838830000000 -2.158904625580266 0.000073665503606 0.747443520423419 0.000053624742118 5.666503747176361 0.285711063934012 3.002736957249003 0.150124164441940
2048 3.560960000000000 0.012500000000000 -2.213936695218432 0.000074156642762 0.778084523750073 0.000045053326960 4.696030793480554 0.233694136296185 1.733343154997923 0.086643181089323
2048 3.610960000000000 0.010511200000000 -2.135105398432425 0.000078680460428 0.734662114292062 0.000060416304541 5.342688159418563 0.274748177737273 3.150172642993315 0.157465874426593
2048 3.580960000000000 0.017677700000000 -2.203170623777586 0.000068331878520 0.773839044512844 0.000040701119433 4.484572065503536 0.205169372604766 1.591061603966479 0.079540369207298
2048 3.620960000000000 0.012500000000000 -2.127689020179293 0.000078818099420 0.731820472330754 0.000055972311457 5.958246008194774 0.297642187101572 3.004782202867045 0.150182988832733
2048 3.540960000000000 0.012500000000000 -2.240352315651291 0.000075721986094 0.790623735321133 0.000043087956949 4.727070900789966 0.225079087896905 1.530593722049736 0.076464320910739
2048 3.570960000000000 0.014865100000000 -2.207874043665415 0.000067606505423 0.775587399800619 0.000040549749248 4.407527715923816 0.214406035570856 1.585602866102478 0.079240262424007
2048 3.630960000000000 0.007432540000000 -2.088929865923957 0.000081672547668 0.700958188453233 0.000075775535016 6.241308719155811 0.321169698933176 5.372562565303721 0.268460651249757
2048 3.600960000000000 0.010511200000000 -2.150235552734900 0.000073782238303 0.743574825677578 0.000052560765966 5.751121552517221 0.260327578026690 2.918584458930311 0.145876084120543
2048 3.550960000000000 0.014865100000000 -2.234271873065859 0.000071574895734 0.788065028374484 0.000040382316378 4.701718150161734 0.235735970455156 1.496640857873348 0.074694636888335
2048 3.590960000000000 0.010511200000000 -2.164988200046889 0.000076108733930 0.751848066641894 0.000053238517094 5.412629735397250 0.268754387582527 2.648446621754605 0.132204941996069
2048 3.610960000000000 0.012500000000000 -2.142834949871293 0.000082081674126 0.740589446911551 0.000058299183518 5.423290559732595 0.272919725071484 2.735869681149557 0.136453875771659
2048 3.560960000000000 0.014865100000000 -2.221066905652866 0.000070207645393 0.781915283932980 0.000040824211290 4.545936734555523 0.222915401352221 1.537057723358992 0.076831155973174
2048 3.620960000000000 0.014865100000000 -2.137011109431132 0.000082180861590 0.738681772449711 0.000058374426650 5.202345638291265 0.279909450569144 2.624841468304958 0.131240179715856
2048 3.580960000000000 0.021022400000000 -2.213104447391971 0.000071635244089 0.778979311350355 0.000040381920668 4.916626622855508 0.251038457624916 1.562383633511126 0.078106811716195
2048 3.570960000000000 0.017677700000000 -2.216381903865086 0.000075645017269 0.780166300735033 0.000043343368136 4.644228927393026 0.236598734768520 1.524748727517345 0.076119088581212
2048 3.540960000000000 0.014865100000000 -2.247131829588180 0.000070077960430 0.793926561728002 0.000038862496347 4.403496649972904 0.230210780807813 1.354241603954919 0.067632320809799
2048 3.630960000000000 0.008838830000000 -2.095962707644050 0.000081971527628 0.707989182778897 0.000069900450974 6.147374609516827 0.321630578353424 4.470165237881607 0.223115391484570
2048 3.600960000000000 0.012500000000000 -2.157747613738406 0.000078359406456 0.748938862075154 0.000051706166381 5.013510176358603 0.282060654414748 2.182952591839515 0.109121635075004
2048 3.550960000000000 0.017677700000000 -2.242345056827590 0.000074369380713 0.791963159534294 0.000038969338707 4.631788175790011 0.247604479097315 1.271763720441817 0.063487713337688
2048 3.590960000000000 0.012500000000000 -2.172229791687816 0.000074654311599 0.756703072433786 0.000051760269113 4.726022098367884 0.244766984102123 2.271846629255360 0.113550049552331
2048 3.610960000000000 0.014865100000000 -2.151714209417104 0.000074527625489 0.746764345412941 0.000050772308848 4.787135288934081 0.245092399430685 2.221748822529187 0.111055187363854
2048 3.560960000000000 0.017677700000000 -2.229509392010441 0.000068440832073 0.786204254598642 0.000037048108623 4.595876738954988 0.228282456119094 1.346697002136653 0.067239436266159
2048 3.620960000000000 0.017677700000000 -2.147065737294320 0.000078474384484 0.745541968712440 0.000051801909846 5.556860200844803 0.273434955497437 2.421392419411364 0.120954004844603
2048 3.580960000000000 0.025000000000000 -2.224544418087063 0.000072499896234 0.784494227996743 0.000039790336854 4.481945631604567 0.223504586452352 1.350041272330161 0.067425124598393
2048 3.570960000000000 0.021022400000000 -2.226093311189326 0.000066973505793 0.784935981608354 0.000035564884098 4.378063023789069 0.213428924838460 1.234578581925468 0.061712071401107
2048 3.540960000000000 0.017677700000000 -2.255061058987034 0.000069986975842 0.797564003365172 0.000036189811503 4.722780316289073 0.232226843880800 1.262803947432725 0.063011680931281
2048 3.630960000000000 0.010511200000000 -2.103740935099881 0.000081393906849 0.715315588993004 0.000065820761516 5.915639818604093 0.291292563056869 3.868510135794752 0.193389801524444
2048 3.600960000000000 0.014865100000000 -2.166100879643818 0.000075936133573 0.754462736721698 0.000050304293172 4.862696165984499 0.255302504655496 2.133979660773235 0.106674328458307
2048 3.590960000000000 0.014865100000000 -2.180245558777581 0.000074034384117 0.761838079935097 0.000047121438406 4.775898632039830 0.236798973820623 1.934751725464348 0.096725859765478
2048 3.610960000000000 0.017677700000000 -2.161548488759312 0.000078675388907 0.753090043242620 0.000050876226324 5.291671039404171 0.267515049546975 2.212813552226162 0.110604045934278
2048 3.550960000000000 0.021022400000000 -2.251456028124884 0.000068147024180 0.796133687496185 0.000034962429374 4.382830706204303 0.223391785613243 1.153623536075336 0.057625977269240
2048 3.580960000000000 0.029730200000000 -2.237649944163297 0.000072519147222 0.790294236733513 0.000035916502445 4.508965295423177 0.239608528055091 1.106011372376544 0.055276597878089
2048 3.560960000000000 0.021022400000000 -2.238945822981359 0.000066663266878 0.790675434905491 0.000035843572544 4.653371822604163 0.223308286486665 1.345293826387723 0.067200393245098
2048 3.620960000000000 0.021022400000000 -2.158655478157834 0.000067850030947 0.752685750721603 0.000043312723096 4.959286815758413 0.229122335105697 2.020924568813434 0.100953862646274
2048 3.630960000000000 0.012500000000000 -2.112218529914490 0.000078092838205 0.722583612604955 0.000060093281452 5.600515233967260 0.279084977625164 3.316327468755049 0.165575701751404
2048 3.600960000000000 0.017677700000000 -2.175623667204023 0.000074324997850 0.760340396890935 0.000047135443359 4.986698607349132 0.263052430601834 2.005573131598742 0.100157186654030
2048 3.540960000000000 0.021022400000000 -2.263852049581923 0.000069484328442 0.801370433376277 0.000035626003466 4.346365101974134 0.218851790369258 1.142580183910724 0.057029555763688
2048 3.570960000000000 0.025000000000000 -2.237277628155635 0.000068109738697 0.790052571407585 0.000035124479293 4.680438156337521 0.237045055431904 1.244766444379807 0.062147002117471
2048 3.590960000000000 0.017677700000000 -2.189426439455321 0.000074589879768 0.767245137707247 0.000044497316659 4.912821068208838 0.257222024164840 1.748391865492725 0.087332834421937
2048 3.550960000000000 0.025000000000000 -2.262002403237095 0.000070599763939 0.800581579821544 0.000035205701224 4.297773091209248 0.225562428165250 1.068717651523842 0.053348787942699
2048 3.610960000000000 0.021022400000000 -2.172630211677307 0.000071301024032 0.759713693362911 0.000043961889971 4.836293659355040 0.230236544210582 1.838543199137148 0.091743790980807
2048 3.580960000000000 0.035355300000000 -2.252414537243782 0.000066503487015 0.796329894503533 0.000032010687972 4.284052449949696 0.190917442009008 0.992558151574042 0.049622274110173
2048 3.560960000000000 0.025000000000000 -2.249830076861844 0.000067982248495 0.795452560110045 0.000033569900143 4.414735744154251 0.216969497169903 1.076499326139944 0.053818865780648
2048 3.630960000000000 0.014865100000000 -2.121855004023868 0.000076302672886 0.730051386577698 0.000057167088108 5.064224143264198 0.261830903709682 2.842664191920866 0.141980837695315
2048 3.620960000000000 0.025000000000000 -2.171503193206979 0.000071338940596 0.759966815987677 0.000041913197282 5.158192452317699 0.261743565291919 1.780515724568301 0.088891491080040
2048 3.600960000000000 0.021022400000000 -2.186337743802625 0.000073728231048 0.766398541620173 0.000042666254128 5.153872143334188 0.241392213617410 1.725977157939205 0.086233326207764
2048 3.570960000000000 0.029730200000000 -2.249915191072488 0.000069932167985 0.795487550943885 0.000033873433141 4.147306199762429 0.216730649050289 0.973039672796776 0.048601663698759
2048 3.540960000000000 0.025000000000000 -2.274159639177848 0.000069041417620 0.805566317990701 0.000033166059538 4.539565980639106 0.224941572688185 1.047569111979219 0.052276504795720
2048 3.590960000000000 0.021022400000000 -2.199985285115558 0.000069843289992 0.772891931398802 0.000039726652249 4.421406403480387 0.206882779283085 1.430457621079124 0.071376535263567
2048 3.610960000000000 0.025000000000000 -2.185189301573390 0.000075337583080 0.766550074099243 0.000043415808591 5.017013279770041 0.236006105496683 1.666163711832742 0.083290365499667
2048 3.550960000000000 0.029730200000000 -2.273965027136677 0.000061766801090 0.805293916451810 0.000029132829731 4.010646184091217 0.191924892637773 0.892214901111205 0.044580177188817
2048 3.580960000000000 0.042044800000000 -2.268980407322619 0.000068174531913 0.802478558748101 0.000031754836617 4.142756629782669 0.196958825032748 0.898803710497825 0.044937410991742
2048 3.620960000000000 0.029730200000000 -2.186090181169225 0.000079510947817 0.767509756807510 0.000042081401647 5.235957107457926 0.272287931340320 1.466636918144627 0.073325605019084
2048 3.630960000000000 0.017677700000000 -2.132510076506323 0.000073325755755 0.737595236133157 0.000048660129575 5.713988514614008 0.279437945769285 2.516360095315871 0.125773519941093
2048 3.560960000000000 0.029730200000000 -2.262059185122145 0.000064994651474 0.800472392435964 0.000030960556599 4.582554914591543 0.223935786060653 1.039848234687956 0.051929712352940
2048 3.570960000000000 0.035355300000000 -2.264295468602320 0.000070076203140 0.801090708589243 0.000033794602429 4.406658580626567 0.220523970828970 1.024856266465076 0.051158197923668
2048 3.600960000000000 0.025000000000000 -2.198589017388298 0.000074649692453 0.772757732330954 0.000042118512833 5.322448960346936 0.243414293130156 1.694343715931096 0.084693999969859
2048 3.540960000000000 0.029730200000000 -2.285867793188107 0.000068156868790 0.810029307091207 0.000031500682493 4.319443532510347 0.214415084658195 0.922674391581596 0.046103369562721
2048 3.590960000000000 0.025000000000000 -2.211605021447829 0.000068259950527 0.778678998080166 0.000037502462648 4.484442782201329 0.205475759159599 1.353618007169539 0.067599439694997
2048 3.610960000000000 0.029730200000000 -2.199326061387310 0.000072392762184 0.773558782181651 0.000036489301395 4.833347548306019 0.244348771192332 1.227973025159032 0.061355475327761
2048 3.550960000000000 0.035355300000000 -2.287846573061083 0.000067395746167 0.810388346177238 0.000029889089364 4.120408897576540 0.200886196242967 0.810402386882255 0.040512682814928
2048 3.620960000000000 0.035355300000000 -2.202345529302628 0.000080899456375 0.775199920785445 0.000040692763221 5.064118345468112 0.277232706917692 1.281288719402828 0.064052486270992
2048 3.580960000000000 0.050000000000000 -2.288003112975946 0.000067108418709 0.809015392196829 0.000028673919273 4.146073452677594 0.200680980122089 0.756932403273089 0.037826512510655
2048 3.630960000000000 0.021022400000000 -2.144478221768768 0.000082509728548 0.745371455616422 0.000052852969712 5.654284375482663 0.285006372965570 2.320096877008329 0.115922395470308
2048 3.560960000000000 0.035355300000000 -2.276153601204756 0.000066022163956 0.805823632998345 0.000031203062067 3.999537530937316 0.202777389685048 0.893356284517438 0.044598793782486
2048 3.570960000000000 0.042044800000000 -2.280801208181690 0.000069539904760 0.807061893554203 0.000031143337984 4.276988459637717 0.217031510159686 0.857827991168852 0.042866900410490
2048 3.600960000000000 0.029730200000000 -2.212315544385992 0.000070297050208 0.779342049382003 0.000038255998444 4.731377804262708 0.235038264768312 1.401239938405282 0.070037211261715
2048 3.540960000000000 0.035355300000000 -2.299416155479501 0.000064876096019 0.814810016433599 0.000029006664860 3.923584696476587 0.198299901056486 0.784348753155070 0.039199849881734
2048 3.590960000000000 0.029730200000000 -2.224921038028281 0.000073388712956 0.784838853106403 0.000036748419359 4.680376772895546 0.222696006346457 1.173544601938204 0.058628489612654
2048 3.550960000000000 0.042044800000000 -2.303512415240702 0.000074825215016 0.815649582847716 0.000032308500340 4.159687612326012 0.209969727408855 0.775529584359835 0.038771003856883
2048 3.610960000000000 0.035355300000000 -2.215059442672039 0.000068841341514 0.780713916381941 0.000034922073251 4.706542572831459 0.218682998659611 1.211165188125602 0.060539285978940
2048 3.620960000000000 0.042044800000000 -2.220479253821736 0.000070471141568 0.782979714658122 0.000033829502436 4.515734995095522 0.221368821802441 1.040631707614583 0.051956427873206
2048 3.630960000000000 0.025000000000000 -2.157760321477076 0.000078863445601 0.753298464688388 0.000049604701098 5.129654884094114 0.252795577101043 2.029468551515772 0.101288385815438
2048 3.580960000000000 0.059460400000000 -2.309667339861013 0.000067877287214 0.815777792801728 0.000027533122611 3.987987854955215 0.207376303750446 0.656169153975314 0.032796904461386
2048 3.560960000000000 0.042044800000000 -2.292199824581747 0.000071690449459 0.811385567892682 0.000031500146401 4.255697406503010 0.218834907336880 0.821624306620138 0.041002024234528
2048 3.570960000000000 0.050000000000000 -2.299300461713077 0.000069378945840 0.813200112178584 0.000029459785187 4.228943769471829 0.219247833092897 0.762492661958865 0.038060504993134
2048 3.540960000000000 0.042044800000000 -2.314662853953341 0.000070047286410 0.819776505190408 0.000029299011445 4.172976695015938 0.228108762799318 0.730078001881790 0.036490954620469
2048 3.600960000000000 0.035355300000000 -2.227776633125489 0.000067226336583 0.786114317269780 0.000034183174147 4.474447577197618 0.212617659551266 1.156871995559381 0.057822398876130
2048 3.590960000000000 0.035355300000000 -2.240206205214104 0.000068966455360 0.791285411063872 0.000033757246973 4.283310183835507 0.219866716039841 1.026213579786943 0.051284573068066
2048 3.550960000000000 0.050000000000000 -2.321443456962615 0.000071116019131 0.821250239548656 0.000027607463229 4.127879851576036 0.201834103493646 0.622078478306750 0.031073912070733
2048 3.610960000000000 0.042044800000000 -2.232944282502875 0.000063561892122 0.788095162028359 0.000030586609554 3.937248458201605 0.195967433651948 0.911720807126992 0.045544925868348
2048 3.620960000000000 0.050000000000000 -2.241216651315564 0.000074572190147 0.791031476896105 0.000034902607072 4.695885535341926 0.235877624345126 1.028677976246732 0.051425397626955
2048 3.630960000000000 0.029730200000000 -2.172750704412479 0.000076807106670 0.761341748224826 0.000043509895164 5.076887311913454 0.264254733578182 1.629186439183171 0.081325200739093
2048 3.580960000000000 0.070710700000000 -2.333973899917429 0.000063994351521 0.822685235984792 0.000025664787109 3.597534630411173 0.182028794221683 0.578624782229498 0.028914200899592
2048 3.560960000000000 0.050000000000000 -2.310397115374812 0.000067996679292 0.817235376988472 0.000028513916902 3.882913777770744 0.202190681278901 0.682804065612215 0.034079559620707
2048 3.570960000000000 0.059460400000000 -2.320362894534412 0.000070823324565 0.819587635291743 0.000028703614771 4.194763994172920 0.209031474706948 0.689014082391534 0.034434496297424
2048 3.600960000000000 0.042044800000000 -2.245147720036507 0.000076457463834 0.793063984520134 0.000035133859300 4.732233742924849 0.247016919700987 0.999259135770196 0.049952258083814
2048 3.590960000000000 0.042044800000000 -2.257181943237771 0.000074530877189 0.797842805240993 0.000034030778151 4.593619937887381 0.255710203074011 0.957693091217124 0.047879087668558
2048 3.540960000000000 0.050000000000000 -2.332319910153850 0.000065147083135 0.825079188327763 0.000026113227489 3.760368731984683 0.186117221047892 0.604173379619375 0.030198437770791
2048 3.550960000000000 0.059460400000000 -2.342022865068396 0.000064396296178 0.827117700233917 0.000024769482080 3.673644829736576 0.193769295001299 0.543512127838250 0.027146293230325
2048 3.610960000000000 0.050000000000000 -2.253098427320246 0.000066411972762 0.795705458919470 0.000030970250020 3.873038237905075 0.179263093765143 0.842264401034076 0.042101434343895
2048 3.620960000000000 0.059460400000000 -2.264290120451844 0.000070726974408 0.799159552953015 0.000030979051807 4.224096836032424 0.205474409633617 0.810400961309087 0.040507938286033
2048 3.630960000000000 0.035355300000000 -2.189427995272857 0.000070571993445 0.769534438589344 0.000038087132961 4.625506110173038 0.227037199649803 1.347258873957932 0.067348900269011
2048 3.580960000000000 0.084089600000000 -2.361833651735953 0.000066820532470 0.829864836140963 0.000024553425135 3.718346858189980 0.185425674917656 0.502058359394675 0.025066037736806
2048 3.560960000000000 0.059460400000000 -2.331199676331047 0.000063772872363 0.823384453852972 0.000026564521586 3.674177470371612 0.188104336640787 0.637517588473033 0.031802469968560
2048 3.540960000000000 0.059460400000000 -2.352488332839596 0.000064426884140 0.830685221603493 0.000025524517891 3.756353871526623 0.196748938932887 0.589586238380247 0.029460292098760
2048 3.570960000000000 0.070710700000000 -2.344559837879447 0.000060474844472 0.826281045924472 0.000023672899515 3.797315695744573 0.197172281446733 0.581875529357140 0.029066808618636
2048 3.600960000000000 0.050000000000000 -2.264892018536274 0.000065560237041 0.800270148991469 0.000029578650712 4.460672530699261 0.222772615263656 0.907979470700516 0.045385651048550
2048 3.590960000000000 0.050000000000000 -2.276525250174686 0.000063898758993 0.804708969498971 0.000028681748945 4.225400761096835 0.197830200505391 0.851322906514657 0.042557000751382
2048 3.610960000000000 0.059460400000000 -2.275899121040955 0.000072935891087 0.803489001211293 0.000031308866831 4.121408357837955 0.199528546389538 0.759447505045598 0.037940398171325
2048 3.550960000000000 0.070710700000000 -2.365530997535599 0.000062101897635 0.833284466631881 0.000023029447691 3.771848176069556 0.178422382772802 0.518694336735684 0.025921444246806
2048 3.620960000000000 0.070710700000000 -2.290256382199827 0.000066894184380 0.807401967894546 0.000027107758224 3.939367479557760 0.202812581058916 0.646899739950676 0.032298326140384
2048 3.630960000000000 0.042044800000000 -2.208123870600741 0.000073191723139 0.777795683490775 0.000036487154978 4.523553807073116 0.225259238898403 1.124179909517068 0.056176910489521
2048 3.580960000000000 0.100000000000000 -2.393379108232408 0.000062452158133 0.837210394953953 0.000021528845384 3.586121444117633 0.183824978556002 0.426158906081461 0.021304120341011
2048 3.560960000000000 0.070710700000000 -2.355055418860065 0.000066875012270 0.829808716504080 0.000025250215211 3.903361432315242 0.192195268905710 0.556469268878499 0.027799422190403
2048 3.540960000000000 0.070710700000000 -2.375445346449844 0.000063684018857 0.836546303058157 0.000023330695921 3.761504367105001 0.177388631641546 0.504842643948342 0.025234322131556
2048 3.570960000000000 0.084089600000000 -2.372140557568420 0.000064673387746 0.833244733697934 0.000023480485459 3.743528228390080 0.192496997524397 0.493451000502171 0.024643244142282
2048 3.600960000000000 0.059460400000000 -2.287093592529542 0.000068880422338 0.807617648975136 0.000028374120166 4.282870200310936 0.212562007457033 0.726755148756249 0.036320856300210
2048 3.550960000000000 0.084089600000000 -2.392167620362080 0.000062274659806 0.839626813622910 0.000022090213497 3.646279196720182 0.178586032731174 0.458803813099281 0.022915288322218
2048 3.610960000000000 0.070710700000000 -2.301458209768610 0.000068023287766 0.811369860568619 0.000028282291137 4.197623654602466 0.215266324394761 0.725633689841648 0.036245728245844
2048 3.590960000000000 0.059460400000000 -2.298392356114139 0.000061158092434 0.811728700038490 0.000026091113238 3.805181302363764 0.193938854855619 0.692552516138887 0.034610509080930
2048 3.620960000000000 0.084089600000000 -2.319674873455057 0.000069287656830 0.815795814402113 0.000026567285769 4.159580412212603 0.212732548539333 0.611550252298038 0.030533961302987
2048 3.630960000000000 0.050000000000000 -2.228976798739642 0.000070740696198 0.786188637171673 0.000033105593790 4.439543536894488 0.220733139114574 0.972304786788264 0.048609909606285
2048 3.560960000000000 0.084089600000000 -2.382126890605269 0.000060955816694 0.836431063231264 0.000021938606400 3.457404630835148 0.180696146541592 0.447855563572773 0.022385328170654
2048 3.540960000000000 0.084089600000000 -2.401952234497661 0.000059640276698 0.842707171343505 0.000021100768348 3.530711253019165 0.174173914793985 0.441956414661340 0.022058997113554
2048 3.600960000000000 0.070710700000000 -2.312424393056596 0.000067963370067 0.815237701957392 0.000026686973255 4.088886085358737 0.208816834140718 0.630454632870866 0.031516562283336
2048 3.550960000000000 0.100000000000000 -2.422570732988487 0.000059830060324 0.846195195660445 0.000019778653309 3.344486824127264 0.170429246467890 0.365497191256627 0.018261253601654
2048 3.570960000000000 0.100000000000000 -2.403227151342274 0.000060400720327 0.840277669038429 0.000020843067723 3.676600508270176 0.180888574882983 0.437809807644064 0.021851015044244
2048 3.610960000000000 0.084089600000000 -2.330542410481475 0.000065839981339 0.819490407291785 0.000024813972672 3.957666285567275 0.206706056298360 0.562150203528068 0.028077563317128
2048 3.630960000000000 0.059460400000000 -2.252565764646926 0.000068737094393 0.794663174193210 0.000030838481503 4.137042530412375 0.220134556827916 0.832709685048185 0.041576188264112
2048 3.620960000000000 0.100000000000000 -2.352893705306910 0.000065409538738 0.824328979467734 0.000023848850319 3.860608904751837 0.198349433528322 0.513225859523060 0.025629466963922
2048 3.590960000000000 0.070710700000000 -2.323193684266368 0.000059868076224 0.818957074164280 0.000023873328874 3.751007673678614 0.178698755646620 0.596462725182931 0.029794880605427
2048 3.560960000000000 0.100000000000000 -2.412931514669342 0.000062562979449 0.843247895906454 0.000021484623481 3.231808905465305 0.173719163279726 0.381124020630243 0.019041927003694
2048 3.540960000000000 0.100000000000000 -2.431954520552226 0.000062959939974 0.849052452346653 0.000020609474604 3.380648290421921 0.176852328270970 0.362247353396348 0.018087693871807
2048 3.600960000000000 0.084089600000000 -2.341008746370835 0.000067370077921 0.822994977637443 0.000025483136194 3.917363881045189 0.199308500307084 0.560487028462373 0.028014025086923
2048 3.610960000000000 0.100000000000000 -2.363114559575623 0.000059643245509 0.827635573622874 0.000021864126550 3.289067831554725 0.178290865196632 0.441992153477412 0.022068621498584
2048 3.630960000000000 0.070710700000000 -2.279112825558692 0.000060134069561 0.803388313010887 0.000024985440698 3.830442672466642 0.185924685477732 0.661274542511714 0.033061379092145
2048 3.590960000000000 0.084089600000000 -2.351368299862616 0.000060270536896 0.826426570054749 0.000022289328917 3.725237562868359 0.186996359679088 0.509492551258604 0.025454948296972
2048 3.600960000000000 0.100000000000000 -2.373292682665932 0.000067216845848 0.830882032712300 0.000024320295387 3.846938496763922 0.187410272244031 0.503612702008649 0.025157978192613
2048 3.590960000000000 0.100000000000000 -2.383374600809452 0.000061724321995 0.834087933696019 0.000022445012480 3.239614787982158 0.166777955152125 0.428371351843381 0.021382103648425
2048 3.630960000000000 0.084089600000000 -2.308938693440615 0.000064482113462 0.812122863746551 0.000024639503727 3.981727159224607 0.194504312188382 0.581375710384199 0.029044306555089
2048 3.630960000000000 0.100000000000000 -2.342565518557240 0.000070720674254 0.820981810993464 0.000025189887493 3.986394876273136 0.191475801344980 0.505754768646794 0.025279980127902
